Q7_1 [0.49218988, -0.1803535, -0.19216898, 0.18352745, 0.26020285, -0.07975955, -0.19702776, 0.14125113, 0.14684649, 0.02889158, 0.25045463, 0.028375005, -0.50201565, -0.38337392, 0.19990617, -0.27969468, 0.053810455, -0.15307987, -0.1039638, 0.09083727, -0.30617523, -0.24606296, 0.041207675, 0.06028187, -0.101974346, 0.13843678, 0.13813744, 0.12346439, 0.095682696, -0.08811276, -0.08485029, 0.006295377, 0.32892922, -0.06979009, 0.07041148, -0.24118349, 0.18796235, 0.07584135, 0.076531984, 0.36925116]
Q6_1 [0.4887392, -0.18694276, -0.19999932, 0.1837929, 0.28257865, -0.07974068, -0.2064366, 0.16954125, 0.1544934, 0.057581633, 0.2546386, 0.060406506, -0.54872614, -0.41918722, 0.17900991, -0.32099262, 0.054017093, -0.16498095, -0.07039177, 0.087780006, -0.30099323, -0.23137146, 0.047523815, 0.07814557, -0.09461042, 0.14536259, 0.16701026, 0.15186678, 0.10229285, -0.05188595, -0.07388528, 0.026840756, 0.3348881, -0.08459731, 0.094490744, -0.28650936, 0.1745399, 0.06900749, 0.07512539, 0.40399837]
Q3_3 [0.4613918, -0.19556043, -0.18581058, 0.17008446, 0.27522704, -0.07116628, -0.19446728, 0.15702818, 0.16719376, 0.06215248, 0.25046682, 0.06452124, -0.5137309, -0.39866823, 0.18395804, -0.29423958, 0.06408248, -0.15754233, -0.06321054, 0.09536445, -0.27426222, -0.21309362, 0.036819033, 0.06671984, -0.0930619, 0.104268506, 0.16804926, 0.13760076, 0.1131083, -0.058595624, -0.056558985, 0.030673977, 0.3225114, -0.06464089, 0.09586469, -0.2811858, 0.1610819, 0.08626223, 0.083518796, 0.37871718]
Q3_1 [0.4707266, -0.17881535, -0.20457906, 0.18526818, 0.27476442, -0.05549884, -0.1902143, 0.16695598, 0.16055854, 0.05624382, 0.26790532, 0.05343612, -0.5189222, -0.41535637, 0.19575207, -0.31535313, 0.04354039, -0.16675186, -0.065458305, 0.081606634, -0.30335885, -0.20862725, 0.036682095, 0.05190205, -0.08501748, 0.13844001, 0.1760009, 0.14344342, 0.12043424, -0.050512806, -0.08420155, 0.00185122, 0.3287123, -0.0721773, 0.09845713, -0.28588194, 0.18018535, 0.079911284, 0.08341581, 0.40101504]
Q3_4 [0.5043736, -0.19259067, -0.17856379, 0.19599962, 0.256492, -0.06953392, -0.19524015, 0.15636903, 0.17545287, 0.03894338, 0.2628871, 0.03712682, -0.5372809, -0.40143362, 0.18652335, -0.30843845, 0.040899895, -0.14689068, -0.08326467, 0.10524327, -0.27755582, -0.24022524, 0.030346857, 0.08230785, -0.09152494, 0.11305066, 0.15646102, 0.12295946, 0.097081676, -0.06555664, -0.06551024, 0.039848432, 0.3483611, -0.062423456, 0.0794705, -0.24927373, 0.17959556, 0.079059295, 0.08194227, 0.38176605]
Q3_2 [0.51556164, -0.2107905, -0.21061747, 0.18370576, 0.28870827, -0.08501791, -0.22074087, 0.1375004, 0.17742853, 0.057284504, 0.2531015, 0.06844465, -0.52946603, -0.42661893, 0.18638705, -0.32793233, 0.055919986, -0.17143202, -0.07193409, 0.09934598, -0.3156841, -0.21616994, 0.06332974, 0.061836135, -0.09938281, 0.15398821, 0.16697805, 0.15637887, 0.13000357, -0.055326287, -0.07280693, 0.0072514336, 0.3564679, -0.076829426, 0.087314054, -0.2942889, 0.17040695, 0.09858953, 0.07200468, 0.41196287]
Q2_2 [0.53506577, -0.200281, -0.19700924, 0.19689114, 0.28398505, -0.08173404, -0.20885447, 0.16001192, 0.19104771, 0.038262375, 0.27877247, 0.046177212, -0.5464764, -0.44138414, 0.1929418, -0.33939153, 0.059511226, -0.17669497, -0.09530248, 0.11436568, -0.3118366, -0.23880246, 0.053467687, 0.061915167, -0.09081662, 0.1412936, 0.17028403, 0.14390415, 0.124653675, -0.06520082, -0.06289695, 0.028563477, 0.3557966, -0.08067437, 0.080392316, -0.2753486, 0.18912321, 0.0855752, 0.090118825, 0.42091]
Q8_2 [0.51202065, -0.17684129, -0.21000919, 0.1854162, 0.28061762, -0.05729182, -0.19916542, 0.13686241, 0.16209063, 0.04810183, 0.2730763, 0.050024487, -0.51834965, -0.40414006, 0.19218203, -0.3080095, 0.06286563, -0.15812807, -0.076654285, 0.09949425, -0.3067314, -0.23971455, 0.04615375, 0.06396645, -0.1092682, 0.14196487, 0.17760009, 0.13255814, 0.10895158, -0.06507052, -0.08508697, 0.020073658, 0.34548333, -0.079587124, 0.08448698, -0.27886227, 0.1875829, 0.080337696, 0.082283944, 0.40035868]
Q5_3 [0.45977348, -0.18036063, -0.20195359, 0.18414964, 0.24718869, -0.07881499, -0.20157744, 0.13445115, 0.15300435, 0.03839476, 0.24394053, 0.061735675, -0.47526562, -0.38061807, 0.1672886, -0.28773338, 0.040258426, -0.13912812, -0.08214238, 0.09464972, -0.28439885, -0.20925081, 0.03578629, 0.06947885, -0.101822376, 0.13199306, 0.15240955, 0.13302615, 0.11237709, -0.07356996, -0.062766425, 0.021826953, 0.3148659, -0.07884876, 0.06581645, -0.26092583, 0.17167674, 0.08201398, 0.057197805, 0.37389278]
Q8_1 [0.5518694, -0.22243145, -0.22902538, 0.18287157, 0.31448308, -0.068342075, -0.23258884, 0.1553186, 0.1878639, 0.06646181, 0.28364912, 0.05018816, -0.5725173, -0.43048537, 0.20383981, -0.32972744, 0.06692928, -0.18814588, -0.07840436, 0.11129721, -0.3073422, -0.24047303, 0.058597293, 0.082533136, -0.11808964, 0.13700382, 0.16743143, 0.14017336, 0.12560594, -0.06390353, -0.084813826, 0.029612208, 0.3709581, -0.08043688, 0.093165465, -0.29943326, 0.1953386, 0.083949566, 0.096377656, 0.40882766]
Q17_2 [0.52298015, -0.18166678, -0.21150796, 0.18883882, 0.29696766, -0.08374551, -0.21614656, 0.14109269, 0.15487781, 0.048385557, 0.2773641, 0.054269478, -0.5212835, -0.42438063, 0.18553062, -0.31428763, 0.062637396, -0.15408713, -0.072175354, 0.08786393, -0.32531002, -0.24251306, 0.0599478, 0.07949675, -0.12070359, 0.14159153, 0.15460181, 0.1246066, 0.124077715, -0.08454346, -0.082601264, 0.010778194, 0.3495517, -0.06037578, 0.086629026, -0.27612075, 0.17984557, 0.07235095, 0.08727526, 0.41304627]
Q3_5 [0.47664186, -0.1772481, -0.1982032, 0.19555542, 0.2762612, -0.06923339, -0.18582708, 0.15008844, 0.1668404, 0.05865058, 0.25898343, 0.054030724, -0.51422733, -0.40572965, 0.18075863, -0.2945015, 0.05811745, -0.15159461, -0.07887932, 0.097927734, -0.27890727, -0.23307231, 0.04080173, 0.059044763, -0.10388911, 0.132129, 0.16558254, 0.13876367, 0.10328901, -0.06486019, -0.062074546, 0.0016482368, 0.33563557, -0.06504432, 0.09030232, -0.26072633, 0.18542078, 0.07497632, 0.08694957, 0.38947082]
Q4_3 [0.4830949, -0.2023108, -0.18115054, 0.18097241, 0.2662189, -0.075939626, -0.2006978, 0.15794492, 0.17508495, 0.041145604, 0.24215892, 0.04506051, -0.518491, -0.3913251, 0.18190767, -0.29994875, 0.052522205, -0.1671449, -0.09473413, 0.103754096, -0.2941341, -0.23132156, 0.045930132, 0.05375209, -0.104386784, 0.12854312, 0.14745504, 0.14126578, 0.107339814, -0.050658166, -0.070673265, 0.024157977, 0.33412, -0.07790859, 0.08810187, -0.25040194, 0.17532481, 0.07769912, 0.064150915, 0.38733724]
Q17_4 [0.5388705, -0.2177234, -0.21100923, 0.19268385, 0.30984077, -0.07277376, -0.20962669, 0.17140274, 0.16227886, 0.0520225, 0.2871273, 0.0664774, -0.55040807, -0.4492504, 0.21294141, -0.33865976, 0.059301738, -0.1864436, -0.07454684, 0.1168971, -0.30091605, -0.25115368, 0.052771773, 0.08857424, -0.11256988, 0.14480934, 0.17187369, 0.14786798, 0.12910852, -0.0586246, -0.07324752, 0.014816995, 0.3521899, -0.074281976, 0.08668476, -0.2935576, 0.20242517, 0.08511301, 0.09871038, 0.40162954]
Q5_2 [0.5288806, -0.19704725, -0.21231918, 0.20068063, 0.30078155, -0.065168805, -0.21828249, 0.15516664, 0.17229047, 0.062851354, 0.26950207, 0.07464303, -0.54363704, -0.4081953, 0.19455388, -0.33407626, 0.052959733, -0.17203207, -0.083102725, 0.114326164, -0.29709867, -0.21803047, 0.04304182, 0.072472736, -0.11241512, 0.14332725, 0.15597406, 0.13849248, 0.11097605, -0.07473303, -0.0753469, 0.029819177, 0.36494377, -0.06519795, 0.074494585, -0.27537492, 0.17003588, 0.09272568, 0.073096186, 0.41145188]
Q4_4 [0.5690428, -0.2249742, -0.21884902, 0.19084343, 0.3196471, -0.079655826, -0.23967941, 0.15901496, 0.18664388, 0.064540245, 0.29991773, 0.056294065, -0.5735787, -0.44571686, 0.21597053, -0.3472832, 0.07249287, -0.18322697, -0.09621578, 0.124924995, -0.32094756, -0.25055346, 0.06907854, 0.06167719, -0.11069842, 0.15684721, 0.18864372, 0.147562, 0.1354536, -0.08343723, -0.0720972, 0.0019955987, 0.38554633, -0.062382694, 0.08844856, -0.3071337, 0.18895106, 0.092613004, 0.07476721, 0.45376098]
Q1_5 [0.44387326, -0.17202257, -0.19021551, 0.18324296, 0.2411298, -0.078922585, -0.19557717, 0.15168372, 0.15387787, 0.03779569, 0.25163177, 0.055237327, -0.49449748, -0.38525057, 0.16920201, -0.288806, 0.04652967, -0.13962287, -0.06634155, 0.087532036, -0.2823378, -0.22052006, 0.026609983, 0.061741963, -0.08202852, 0.108367495, 0.14231142, 0.12904221, 0.1007921, -0.058594488, -0.072919026, 0.009046547, 0.29981235, -0.06171358, 0.068281, -0.26842263, 0.18730117, 0.07443299, 0.0735818, 0.34752333]
Q2_4 [0.5522634, -0.20847303, -0.23167756, 0.2191247, 0.31689394, -0.07304715, -0.21808925, 0.18586904, 0.19203918, 0.06073098, 0.29413095, 0.04806326, -0.59434754, -0.46840313, 0.2020853, -0.33615944, 0.06147844, -0.17274956, -0.11183906, 0.098001905, -0.33264217, -0.27654985, 0.04587438, 0.07228632, -0.123045556, 0.151712, 0.18902367, 0.13535944, 0.120079905, -0.070750006, -0.08179813, 0.018358516, 0.38414937, -0.08701949, 0.10786228, -0.29416186, 0.19487761, 0.09059146, 0.07570968, 0.45198017]
Q3_7 [0.58572334, -0.21442124, -0.23992752, 0.22367094, 0.33912092, -0.09705231, -0.2391769, 0.18718864, 0.18938817, 0.059283476, 0.3219405, 0.057287954, -0.6081494, -0.477623, 0.2239728, -0.37430668, 0.053194117, -0.19064325, -0.09095908, 0.1034761, -0.36606148, -0.2776331, 0.056435257, 0.0580888, -0.12707107, 0.16820507, 0.19051132, 0.15740919, 0.13238285, -0.08521927, -0.08963282, 0.0037323998, 0.40485168, -0.06854629, 0.093686, -0.32510996, 0.21236601, 0.10963035, 0.08306813, 0.4726165]
Q2_3 [0.5151164, -0.20641938, -0.1891066, 0.18022864, 0.28063607, -0.083472945, -0.20512566, 0.16735421, 0.1751002, 0.03739046, 0.27414393, 0.063290425, -0.52233547, -0.4143092, 0.1974133, -0.3036458, 0.05447163, -0.1731047, -0.074485995, 0.09408685, -0.30714855, -0.24237783, 0.041087817, 0.05604829, -0.112360604, 0.12856966, 0.17296357, 0.13176149, 0.12517951, -0.069991626, -0.07253956, 0.01066042, 0.33829334, -0.06333612, 0.09992822, -0.28577313, 0.1818901, 0.077811696, 0.066953085, 0.40530336]
Q2_1 [0.55582637, -0.21527278, -0.21540853, 0.20148525, 0.29260632, -0.082470894, -0.21651287, 0.1866886, 0.19107702, 0.06632274, 0.28499156, 0.06754297, -0.5675514, -0.4445855, 0.2041706, -0.32560062, 0.068047434, -0.1653876, -0.09771156, 0.089866206, -0.3272147, -0.24212505, 0.0638781, 0.055250082, -0.11737727, 0.13400434, 0.18973449, 0.15148608, 0.1173957, -0.0659367, -0.06912054, 0.00855874, 0.38164216, -0.076670974, 0.10869868, -0.29798433, 0.18694974, 0.1023684, 0.0763935, 0.44245863]
Q6_2 [0.6111039, -0.24898824, -0.22320578, 0.2131533, 0.3352827, -0.078199305, -0.25921658, 0.19032562, 0.19601375, 0.071679495, 0.32576, 0.07161997, -0.64692026, -0.49494588, 0.22714761, -0.3853667, 0.07743734, -0.2082749, -0.107327424, 0.12045836, -0.35146937, -0.2762494, 0.049702466, 0.0635968, -0.116819665, 0.1511593, 0.20758091, 0.16041198, 0.1385738, -0.07663754, -0.07318127, 0.015037255, 0.40414584, -0.088862784, 0.10216673, -0.33650044, 0.20819832, 0.100186445, 0.105441615, 0.46924198]
Q3_6 [0.6200428, -0.22751857, -0.2552887, 0.21046261, 0.3255111, -0.07096417, -0.25433537, 0.18408145, 0.21415314, 0.051739953, 0.32540476, 0.06927564, -0.59239095, -0.49617457, 0.22822015, -0.3693539, 0.06348875, -0.1810007, -0.11545528, 0.118059374, -0.37217346, -0.25804818, 0.07462359, 0.0575226, -0.14041544, 0.14625016, 0.19212434, 0.1607405, 0.13252084, -0.08197317, -0.09385939, -0.004821473, 0.39116603, -0.08599219, 0.09574262, -0.3242846, 0.20492996, 0.106955215, 0.084435366, 0.459536]
Q1_2 [0.58395964, -0.22419152, -0.23640843, 0.2069766, 0.33350268, -0.07734162, -0.23798098, 0.17267373, 0.17719328, 0.052802753, 0.2993136, 0.055421673, -0.61189467, -0.48703048, 0.22776991, -0.36959514, 0.06081436, -0.18471794, -0.10648452, 0.11425141, -0.3334976, -0.2681367, 0.053026497, 0.07949627, -0.12424674, 0.15086286, 0.19236732, 0.13964558, 0.12857112, -0.06212965, -0.095978424, 0.018333327, 0.37740976, -0.07662789, 0.10022138, -0.33193496, 0.22100134, 0.10396507, 0.083274424, 0.43451494]
Q2_5 [0.58236665, -0.2306583, -0.23676056, 0.22160357, 0.3266672, -0.07477289, -0.22544232, 0.18368496, 0.19892484, 0.04501929, 0.3153696, 0.05453532, -0.58831114, -0.4661578, 0.20867492, -0.34126776, 0.05093316, -0.19632012, -0.08775096, 0.12095949, -0.33936408, -0.25673902, 0.04136119, 0.082220756, -0.12470772, 0.14214918, 0.17170033, 0.15291019, 0.12443329, -0.08398994, -0.09566604, 0.014021129, 0.38180685, -0.08233951, 0.083219305, -0.30687898, 0.21329618, 0.1058957, 0.10842667, 0.4417919]
Q3_10 [0.6366705, -0.24387415, -0.26478064, 0.22456239, 0.34811327, -0.089790836, -0.25213113, 0.20318381, 0.2137955, 0.047214318, 0.34516805, 0.061967075, -0.6533868, -0.50532764, 0.24335012, -0.38152054, 0.07474381, -0.21138805, -0.10566892, 0.10888666, -0.38391194, -0.2970642, 0.0672622, 0.073689215, -0.14055754, 0.16144073, 0.20750992, 0.1484943, 0.1345757, -0.095378436, -0.096268415, 0.0016326493, 0.432415, -0.08669436, 0.10755003, -0.34374997, 0.22773296, 0.103579976, 0.09468084, 0.49366957]
Q3_9 [0.6153413, -0.23373917, -0.2570436, 0.2119149, 0.32804292, -0.0965642, -0.2554781, 0.18776543, 0.18535753, 0.06870838, 0.32785338, 0.056304127, -0.60844845, -0.49940655, 0.22596708, -0.3626655, 0.058430232, -0.19626094, -0.11592672, 0.10096669, -0.36768326, -0.27647847, 0.04870236, 0.075053915, -0.13530673, 0.17313145, 0.19181988, 0.14593627, 0.13681284, -0.09936591, -0.0861784, 0.0068638967, 0.4090583, -0.07973246, 0.10906647, -0.31911594, 0.22832516, 0.10356973, 0.10182292, 0.48008463]
Q3_8 [0.56463844, -0.21326056, -0.21269672, 0.19743098, 0.30194673, -0.07355242, -0.22593276, 0.1833095, 0.19269659, 0.057775874, 0.3004922, 0.047442272, -0.5523131, -0.44868478, 0.20653784, -0.3311543, 0.05748342, -0.16479088, -0.09408838, 0.10249824, -0.32310835, -0.25033993, 0.065667674, 0.06521865, -0.11380519, 0.1291686, 0.16851391, 0.15079762, 0.119282365, -0.08378662, -0.08709292, 0.010245249, 0.37828502, -0.060852457, 0.10175289, -0.29592645, 0.20484318, 0.09584097, 0.076058425, 0.4276804]
Q17_1 [0.5902687, -0.23041525, -0.23261054, 0.20678157, 0.33076307, -0.0778935, -0.24557398, 0.18596457, 0.19354303, 0.053543467, 0.32591853, 0.058392026, -0.60788965, -0.49136528, 0.23186626, -0.36133495, 0.07897448, -0.18325809, -0.10523937, 0.121362105, -0.36143073, -0.27061313, 0.055895872, 0.062009364, -0.1232961, 0.15674518, 0.19805363, 0.14825855, 0.11900459, -0.090825975, -0.09735209, 0.029082317, 0.4100813, -0.07684829, 0.10249033, -0.31538206, 0.20689593, 0.08856801, 0.092495255, 0.4676347]
Q17_3 [0.5536058, -0.20854811, -0.21925348, 0.20361103, 0.29894438, -0.06310881, -0.2259926, 0.17193115, 0.18053766, 0.042797726, 0.30482015, 0.04098024, -0.55689925, -0.44398832, 0.19905263, -0.32419926, 0.059708007, -0.16045034, -0.1054378, 0.10996061, -0.33786714, -0.24286915, 0.065762416, 0.060952347, -0.1223271, 0.13827182, 0.18641907, 0.13132128, 0.12941827, -0.06680031, -0.07334829, 0.008538413, 0.35677445, -0.060964845, 0.09318311, -0.28822276, 0.20949909, 0.10183457, 0.070231155, 0.4282158]
Q1_1 [0.524212, -0.20386471, -0.22533134, 0.20164423, 0.27871996, -0.06363313, -0.21336237, 0.16362116, 0.16571458, 0.040075503, 0.27015418, 0.036056507, -0.5465728, -0.42097637, 0.1989751, -0.32158998, 0.06058024, -0.14955862, -0.079431966, 0.09341216, -0.3094464, -0.23323825, 0.044663973, 0.060688514, -0.12019107, 0.13166648, 0.16666298, 0.14722674, 0.1170786, -0.060628068, -0.08045997, 0.0024724691, 0.3564274, -0.05811442, 0.09202724, -0.28838933, 0.20066558, 0.07741473, 0.087191135, 0.3986875]
Q1_3 [0.50012726, -0.1968252, -0.21679883, 0.19575381, 0.28922358, -0.0693582, -0.20150092, 0.16208231, 0.16414815, 0.054672893, 0.26925966, 0.03969941, -0.52178615, -0.42241827, 0.18924901, -0.31585503, 0.04296016, -0.16985378, -0.09205, 0.08528187, -0.3029667, -0.22217877, 0.059901197, 0.05964115, -0.09146374, 0.13495469, 0.17307799, 0.13981898, 0.10798816, -0.065242894, -0.06980327, -0.0033730953, 0.34446478, -0.06984479, 0.087321945, -0.2762564, 0.19240047, 0.07425047, 0.08156358, 0.4022229]
Q4_2 [0.49621925, -0.20100833, -0.21685618, 0.20519295, 0.2949923, -0.06123345, -0.19068852, 0.15583146, 0.16418138, 0.040161338, 0.27672896, 0.039075326, -0.54691154, -0.417548, 0.19924976, -0.3081823, 0.06434266, -0.1604563, -0.09182001, 0.11049422, -0.295235, -0.22999084, 0.05967975, 0.06049604, -0.09884943, 0.15509592, 0.17061941, 0.15104352, 0.12821108, -0.054461755, -0.06749698, 0.024990262, 0.34411776, -0.07169555, 0.103678055, -0.27159977, 0.16069885, 0.09217092, 0.059733406, 0.41961774]
Q7_2 [0.62078005, -0.2225787, -0.24876648, 0.2281331, 0.355401, -0.08891824, -0.25164297, 0.19749025, 0.19033687, 0.07024388, 0.32881624, 0.07405294, -0.63358325, -0.51321, 0.24071278, -0.3789755, 0.07248886, -0.18557534, -0.09240472, 0.1256279, -0.3551385, -0.28765178, 0.047183853, 0.0635551, -0.11642192, 0.15876997, 0.20053528, 0.1577041, 0.13485526, -0.09235538, -0.088767834, 0.029865574, 0.4285374, -0.09643233, 0.112211965, -0.32880914, 0.21688977, 0.096790224, 0.10414067, 0.4755924]
Q1_4 [0.53211284, -0.21107945, -0.22200479, 0.18439333, 0.29499528, -0.07691004, -0.22814658, 0.17898881, 0.16862923, 0.04980693, 0.26760286, 0.048145775, -0.5585791, -0.4411817, 0.2002798, -0.333711, 0.06180585, -0.15713733, -0.09130765, 0.0957616, -0.31311402, -0.231836, 0.039717335, 0.07643484, -0.09950829, 0.12547472, 0.17945057, 0.13945638, 0.116455235, -0.08369161, -0.08019066, 0.0055943746, 0.3655155, -0.059021924, 0.08867504, -0.29793012, 0.2034341, 0.10132967, 0.09882065, 0.40015697]
Q3_11 [0.53657633, -0.19781734, -0.23303987, 0.21382815, 0.29509085, -0.069251865, -0.21367514, 0.17493051, 0.17566234, 0.0590124, 0.301552, 0.057836726, -0.5535526, -0.4530824, 0.19597769, -0.3361687, 0.065123685, -0.15539707, -0.105573595, 0.11291194, -0.32586, -0.25241342, 0.048984766, 0.048924122, -0.1266614, 0.15928921, 0.17451742, 0.15270099, 0.12296853, -0.07864266, -0.06481305, -0.0056196107, 0.36312184, -0.07332247, 0.09423957, -0.30539477, 0.19796734, 0.100579925, 0.07803604, 0.43061766]
Q5_4 [0.577303, -0.21545687, -0.24902801, 0.20557927, 0.31714144, -0.08618807, -0.22930707, 0.19161135, 0.19542897, 0.04415921, 0.3136844, 0.070600085, -0.6158611, -0.4695028, 0.2143198, -0.37149101, 0.06770438, -0.17906168, -0.09505508, 0.12076349, -0.3530643, -0.2795585, 0.052873213, 0.059753757, -0.13713025, 0.16358282, 0.18507183, 0.15189002, 0.12504707, -0.075586446, -0.08660137, 0.021814458, 0.4079675, -0.07549782, 0.10070453, -0.30646652, 0.19790277, 0.09190915, 0.10282533, 0.47492963]
Q5_1 [0.47548223, -0.17969592, -0.20416531, 0.17761056, 0.26145205, -0.06642336, -0.18691099, 0.15838331, 0.15834509, 0.04309117, 0.26590064, 0.056672156, -0.5020086, -0.39222226, 0.18005987, -0.29792854, 0.05249274, -0.16822988, -0.078715675, 0.10351247, -0.2887029, -0.22434185, 0.059745498, 0.06598695, -0.11214635, 0.12113966, 0.16829644, 0.13335152, 0.09740106, -0.06336182, -0.07132697, 0.00664231, 0.33542314, -0.06699585, 0.077960975, -0.25427657, 0.17472734, 0.07815951, 0.08493222, 0.39668697]
Q4_1 [0.36642715, -0.13358298, -0.13639332, 0.14125855, 0.21293649, -0.059136868, -0.13648103, 0.110817656, 0.13334176, 0.044047147, 0.1830406, 0.025388625, -0.37142852, -0.30419683, 0.13662098, -0.22583513, 0.042734392, -0.12842563, -0.06602054, 0.07559167, -0.21839356, -0.1616276, 0.04658901, 0.041357655, -0.08205671, 0.08693715, 0.1191877, 0.091452576, 0.09035231, -0.05309978, -0.05824322, 0.011265749, 0.2551226, -0.04250881, 0.07595211, -0.18875057, 0.1303609, 0.06490003, 0.052817844, 0.29033715]
Q3_12 [0.30609494, -0.11668129, -0.1139802, 0.12148558, 0.17118534, -0.04529947, -0.13041183, 0.10281168, 0.095230564, 0.029418327, 0.1465894, 0.033376247, -0.31168056, -0.24397728, 0.12091715, -0.184431, 0.03636203, -0.08781911, -0.054077335, 0.05651542, -0.17542244, -0.12933965, 0.02357695, 0.027750473, -0.07033185, 0.08110702, 0.0929461, 0.08857559, 0.071123414, -0.043845166, -0.0499623, 0.0041331723, 0.21427582, -0.04763198, 0.05714518, -0.15626724, 0.09637854, 0.041210752, 0.058581125, 0.22195226]
Q7_1 [-0.36737785, 0.22531131, 0.05747403, -0.30757144, 0.31514335, 0.3134509, 0.037900347, 0.18777281, 0.34207946, 0.16246553, 0.29673716, -0.026212463, 0.26067775, 0.009376362, 0.21852419, -0.17766424, -0.1841079, -0.15603857, -0.35266307, 0.29733586, -0.08453426, 0.15186465, 0.07673412, -0.06425544, -0.11317931, 0.07086981, 0.05850566, -0.070008114, -0.057086356, -0.1236746, 0.04713535, -0.32198736, 0.17621064, 0.03229481, -0.071056195, -0.02842771, 0.3470449, 0.14188628, -0.4231569, -0.06975857]
Q6_1 [-0.3804392, 0.23237848, 0.07478532, -0.35127333, 0.34716356, 0.32980743, 0.022943005, 0.19544151, 0.3567876, 0.18597317, 0.278613, -0.015988044, 0.25863093, 0.04147453, 0.22982433, -0.2141004, -0.18027346, -0.17872979, -0.3607458, 0.30420494, -0.09286165, 0.15594873, 0.06866479, -0.08326612, -0.13165164, 0.075968005, 0.05875743, -0.0734544, -0.06407552, -0.10477616, 0.024596399, -0.33948967, 0.21413635, 0.017885365, -0.07768301, -0.055609312, 0.38569042, 0.1611453, -0.44325027, -0.053486317]
Q3_3 [-0.36957914, 0.21636707, 0.05917424, -0.34107268, 0.30861336, 0.3201453, 0.018592892, 0.17254709, 0.32766956, 0.17757782, 0.26254365, -0.02372066, 0.23737045, 0.051048018, 0.2282737, -0.20383622, -0.1697461, -0.14458779, -0.35424787, 0.27500167, -0.09172565, 0.13232103, 0.054365437, -0.071705185, -0.13038102, 0.054316886, 0.06459734, -0.07779591, -0.07912939, -0.09028826, 0.011638798, -0.33609104, 0.20254959, 0.043244768, -0.07185664, -0.06071239, 0.36908406, 0.14658661, -0.41699913, -0.042280946]
Q3_1 [-0.37143013, 0.23575532, 0.079666674, -0.34723085, 0.3306667, 0.32781345, 0.0121271005, 0.20438273, 0.33835062, 0.1860674, 0.2762762, -0.032125782, 0.23608172, 0.020174997, 0.22863062, -0.20493351, -0.18657637, -0.1739887, -0.3644338, 0.29950547, -0.08851981, 0.15514585, 0.038045164, -0.07290458, -0.12582336, 0.07663238, 0.052648127, -0.059004422, -0.06879946, -0.119523786, 0.026175853, -0.33955204, 0.18983188, 0.030098278, -0.08604892, -0.0542889, 0.37973854, 0.1720605, -0.4349323, -0.06697146]
Q3_4 [-0.36225906, 0.2139855, 0.06204077, -0.33668518, 0.3321847, 0.31534618, 0.017505893, 0.17736483, 0.34515184, 0.16953087, 0.2777946, -0.002412743, 0.26188302, 0.017928218, 0.25370917, -0.19450042, -0.19678569, -0.16088693, -0.3536575, 0.29052365, -0.07832254, 0.15041709, 0.06313036, -0.08745739, -0.12529117, 0.069174126, 0.07731069, -0.062906794, -0.060439825, -0.12117391, 0.009226122, -0.34337533, 0.19891784, 0.025631018, -0.06729825, -0.054651137, 0.37380978, 0.13864505, -0.4304507, -0.078596845]
Q3_2 [-0.38933206, 0.23902671, 0.08487764, -0.3406099, 0.33468994, 0.3197841, 0.015667995, 0.18828891, 0.36849856, 0.20598796, 0.28700697, -0.022602107, 0.26712474, 0.030509911, 0.24412383, -0.2210895, -0.19029817, -0.1818676, -0.38311657, 0.29877976, -0.077984296, 0.17910121, 0.059569515, -0.08503717, -0.14192414, 0.092136756, 0.048871547, -0.08126898, -0.065683804, -0.121352054, 0.039003942, -0.35316038, 0.21332957, 0.026534492, -0.08393679, -0.0371741, 0.3684049, 0.17687027, -0.44752178, -0.054073248]
Q2_2 [-0.38988128, 0.245452, 0.08552565, -0.35495812, 0.36064717, 0.32605383, 0.0110916365, 0.20432578, 0.35860562, 0.19095673, 0.31096524, -0.011432459, 0.25410396, 0.039764438, 0.26503766, -0.22030184, -0.21177046, -0.18827161, -0.3706323, 0.30757827, -0.07484043, 0.16865256, 0.057012353, -0.086600274, -0.12924886, 0.08226194, 0.056278966, -0.060796067, -0.057695117, -0.1250761, 0.026855133, -0.34794068, 0.219237, 0.03394789, -0.0986603, -0.040378235, 0.40564817, 0.1783211, -0.46001282, -0.06382568]
Q8_2 [-0.36662358, 0.24499404, 0.07270731, -0.3433953, 0.32589296, 0.3320151, 0.023574298, 0.19160104, 0.34828147, 0.19210331, 0.30107215, -0.021090543, 0.27250385, 0.011766168, 0.23615435, -0.20399377, -0.20661253, -0.18226218, -0.3692937, 0.29431096, -0.09431527, 0.17797665, 0.04688669, -0.08557984, -0.1308962, 0.07408972, 0.07116304, -0.08060236, -0.06541209, -0.112359986, 0.031997025, -0.34826076, 0.1844385, 0.021122575, -0.08126499, -0.038179383, 0.35550576, 0.14827868, -0.42739287, -0.06505671]
Q5_3 [-0.3414649, 0.21644285, 0.053592548, -0.32036, 0.30091152, 0.30096337, 0.02234101, 0.1701557, 0.32345483, 0.18146868, 0.2813356, -0.025027862, 0.22935511, 0.022669729, 0.23079723, -0.20240964, -0.17782433, -0.16220412, -0.3447893, 0.28507534, -0.090372026, 0.13795339, 0.04600956, -0.07355701, -0.1402093, 0.06595214, 0.061627124, -0.058573216, -0.06507043, -0.11273127, 0.027554201, -0.2999209, 0.1973361, 0.028165473, -0.069335155, -0.059698768, 0.36277336, 0.1607439, -0.3892426, -0.062782206]
Q8_1 [-0.38577196, 0.2427801, 0.07070947, -0.37363157, 0.3657649, 0.3475164, 0.03570396, 0.20309806, 0.37441063, 0.21561754, 0.3099426, -0.01597705, 0.2742198, 0.046200115, 0.2714083, -0.2109716, -0.19533516, -0.16819774, -0.39871797, 0.3153689, -0.10357576, 0.17497411, 0.074845135, -0.07364014, -0.13655238, 0.07784294, 0.07827154, -0.070481434, -0.0773728, -0.11264918, 0.043384682, -0.35724688, 0.22131212, 0.03775764, -0.10023037, -0.05491822, 0.41607928, 0.15857513, -0.46906558, -0.0755096]
Q17_2 [-0.38029218, 0.24147783, 0.06891435, -0.3473758, 0.33497, 0.333618, 0.031168874, 0.18858719, 0.3489939, 0.18766202, 0.30991802, -0.023320822, 0.28073967, 0.031012358, 0.25652072, -0.20421545, -0.19823706, -0.18218628, -0.37476632, 0.31088167, -0.083166115, 0.172283, 0.06323417, -0.06461813, -0.13863288, 0.07776918, 0.08016987, -0.068556175, -0.052345514, -0.12368423, 0.051991723, -0.32945883, 0.19716632, 0.027711412, -0.090202056, -0.051394995, 0.38304448, 0.14651266, -0.4496017, -0.073308334]
Q3_5 [-0.36890826, 0.23386277, 0.07699215, -0.3394366, 0.3262699, 0.32450753, 0.0098155225, 0.19076793, 0.3259796, 0.17621836, 0.28884372, -0.032628786, 0.26524022, 0.038643997, 0.2437362, -0.1998516, -0.19730362, -0.14913875, -0.34745145, 0.28140837, -0.09814115, 0.15581776, 0.049754515, -0.06428982, -0.11287828, 0.08512799, 0.07970745, -0.07789916, -0.05974713, -0.10143063, 0.041948915, -0.32980496, 0.2057846, 0.025713949, -0.074995816, -0.050003212, 0.36241347, 0.15904486, -0.41864783, -0.05286638]
Q4_3 [-0.37016374, 0.21493232, 0.07501672, -0.33423334, 0.33399582, 0.30660906, 0.02043946, 0.18360819, 0.33165243, 0.18403752, 0.27668926, -0.03400825, 0.24293126, 0.036729947, 0.22697991, -0.2052765, -0.17856833, -0.14731993, -0.36028463, 0.2930836, -0.07169766, 0.15756817, 0.040325437, -0.080930814, -0.11739473, 0.0544861, 0.05877742, -0.07262041, -0.05741263, -0.11676402, 0.032405213, -0.33964607, 0.18986015, 0.028730646, -0.08530994, -0.059544094, 0.37783822, 0.15810196, -0.41218892, -0.07136131]
Q17_4 [-0.38609192, 0.23948695, 0.074802846, -0.3576913, 0.35938233, 0.35391584, 0.016565047, 0.2020554, 0.3657336, 0.20565228, 0.30902302, -0.030049326, 0.26767197, 0.04193569, 0.2733215, -0.2315249, -0.2051811, -0.16744083, -0.40022838, 0.3284426, -0.10734401, 0.15926921, 0.0647031, -0.07510069, -0.14876461, 0.08136809, 0.055480365, -0.08333952, -0.07358225, -0.12994024, 0.013970074, -0.35306135, 0.20685743, 0.04488317, -0.09908209, -0.03935935, 0.39038464, 0.16798957, -0.45861477, -0.077351734]
Q5_2 [-0.37555206, 0.22596312, 0.06578056, -0.3648123, 0.3518383, 0.343421, 0.03625157, 0.1862517, 0.3581064, 0.18589918, 0.29278272, -0.012876318, 0.26343295, 0.04930031, 0.2555437, -0.22690989, -0.20492853, -0.17282575, -0.3705178, 0.3134783, -0.08283616, 0.15804262, 0.07470932, -0.071136095, -0.143653, 0.088888176, 0.076474935, -0.062466748, -0.06660737, -0.12090747, 0.018367196, -0.34503412, 0.21370491, 0.011384655, -0.08704703, -0.07109916, 0.39325643, 0.18042372, -0.44615126, -0.07142396]
Q4_4 [-0.4234819, 0.25633422, 0.061158244, -0.39264223, 0.3795935, 0.35509765, 0.02020792, 0.20921743, 0.3943194, 0.21946318, 0.33915272, -0.032112416, 0.30221078, 0.028506733, 0.25602937, -0.2343615, -0.2214814, -0.18576999, -0.4143213, 0.32993317, -0.10546329, 0.16364568, 0.067267165, -0.089512065, -0.13208246, 0.06917218, 0.08080177, -0.07132554, -0.074973166, -0.12831214, 0.031035399, -0.3864004, 0.20527078, 0.018340105, -0.086166486, -0.05180436, 0.40373695, 0.18243162, -0.47598627, -0.069890305]
Q1_5 [-0.34668136, 0.19571954, 0.06674201, -0.32292366, 0.2960108, 0.30857345, 0.028817901, 0.18992837, 0.3189539, 0.17985727, 0.2661888, -0.0103044985, 0.22569622, 0.018010665, 0.22561648, -0.17134812, -0.1646773, -0.15980263, -0.34594294, 0.2783646, -0.093884595, 0.12882839, 0.047958836, -0.053424396, -0.11514221, 0.0684029, 0.06628372, -0.08192093, -0.073916994, -0.09707079, 0.014534292, -0.31434652, 0.19736959, 0.037136033, -0.06118239, -0.035689965, 0.36211526, 0.15714961, -0.39163265, -0.044733156]
Q2_4 [-0.42269868, 0.2647686, 0.08114573, -0.38095734, 0.38289326, 0.36286682, 0.027053589, 0.21312208, 0.3894609, 0.19247948, 0.32671443, -0.01986795, 0.28800166, 0.03159742, 0.2806978, -0.2292411, -0.22988458, -0.18307999, -0.40024948, 0.32274854, -0.09393504, 0.18651524, 0.059890434, -0.088302955, -0.14364845, 0.09113382, 0.073326476, -0.07875296, -0.07159749, -0.13295507, 0.04252316, -0.3722712, 0.22562428, 0.031213768, -0.09715295, -0.041546185, 0.42474774, 0.19139196, -0.4819454, -0.08343312]
Q3_7 [-0.44194505, 0.26682368, 0.07015256, -0.39161742, 0.4039333, 0.3742221, 0.02548548, 0.23529828, 0.3967065, 0.229942, 0.3425705, -0.039085653, 0.31542522, 0.03270265, 0.28594422, -0.24856935, -0.23343983, -0.19905035, -0.42141956, 0.3607149, -0.087237544, 0.19490068, 0.070814624, -0.08805469, -0.1596816, 0.09530829, 0.08154954, -0.09576541, -0.085326575, -0.11962167, 0.05159718, -0.38317132, 0.23288077, 0.01972479, -0.10984552, -0.052885838, 0.44164732, 0.1956993, -0.50901836, -0.07357031]
Q2_3 [-0.3688356, 0.23288107, 0.072174445, -0.3486254, 0.3356345, 0.32544997, 0.028544247, 0.2070929, 0.34594646, 0.20220625, 0.30840966, -0.028759373, 0.2491217, 0.041146476, 0.2583119, -0.21612287, -0.20871595, -0.17008398, -0.3660022, 0.29797632, -0.08809648, 0.14864056, 0.071769506, -0.067339085, -0.14124915, 0.078912936, 0.06291367, -0.066604175, -0.06414528, -0.10914373, 0.0299887, -0.3584113, 0.19470768, 0.04188489, -0.07890732, -0.05594661, 0.383146, 0.17453453, -0.43334758, -0.06910844]
Q2_1 [-0.3892992, 0.26958826, 0.060758226, -0.3857412, 0.37922114, 0.35276148, 0.016376816, 0.20342295, 0.37628117, 0.19704066, 0.329502, -0.042656742, 0.2692127, 0.035130884, 0.25906086, -0.2233317, -0.22571328, -0.17400886, -0.39907274, 0.31388098, -0.095959954, 0.17715552, 0.06927652, -0.062426906, -0.13957007, 0.09729174, 0.079438925, -0.085096486, -0.078601204, -0.10445253, 0.052504767, -0.37594414, 0.21955016, 0.018315502, -0.09505817, -0.046135165, 0.4157054, 0.19127682, -0.47109494, -0.057336442]
Q6_2 [-0.45870334, 0.26976874, 0.073919326, -0.4119802, 0.40079787, 0.3797507, 0.03707305, 0.22822975, 0.42098758, 0.23137605, 0.34547454, -0.028048536, 0.30836976, 0.047429983, 0.30147818, -0.2702874, -0.2426359, -0.20565534, -0.45533016, 0.36885118, -0.09782315, 0.19231224, 0.0861316, -0.07201429, -0.14666402, 0.07419601, 0.063704394, -0.09638329, -0.07471146, -0.12292242, 0.03636833, -0.4234925, 0.25274754, 0.033838127, -0.094565466, -0.07738189, 0.46266833, 0.19168143, -0.53255796, -0.0692274]
Q3_6 [-0.42667958, 0.29212242, 0.0699742, -0.42132732, 0.4049003, 0.3741497, 0.031870604, 0.2305533, 0.402419, 0.22373822, 0.36025533, -0.040643107, 0.31854454, 0.031351473, 0.2862182, -0.25107098, -0.24892452, -0.20320483, -0.4235273, 0.33256796, -0.10333161, 0.19808733, 0.07753419, -0.06479882, -0.15376046, 0.098303236, 0.07066277, -0.09488632, -0.08416244, -0.12504667, 0.056423217, -0.40642303, 0.23143286, 0.028101133, -0.11691984, -0.040969636, 0.44718713, 0.20032233, -0.5096065, -0.06562821]
Q1_2 [-0.44071394, 0.26042977, 0.0893446, -0.3853465, 0.37762603, 0.3864373, 0.03352552, 0.23145734, 0.41074103, 0.22815986, 0.33784527, -0.02382369, 0.30473307, 0.03342987, 0.2857688, -0.22596902, -0.23405491, -0.19696999, -0.41320172, 0.35076243, -0.112268224, 0.16704082, 0.062433995, -0.08870897, -0.15709598, 0.06877966, 0.07666502, -0.09597376, -0.07332337, -0.120221965, 0.03483839, -0.4072179, 0.23074903, 0.04584552, -0.0877412, -0.03835195, 0.42564347, 0.18209422, -0.50753874, -0.06847636]
Q2_5 [-0.42301765, 0.2513072, 0.07224396, -0.40352696, 0.38655332, 0.37326452, 0.022671027, 0.21867749, 0.3769077, 0.21837063, 0.3431262, -0.024130663, 0.2883051, 0.04801166, 0.29056445, -0.23592593, -0.21888246, -0.19140173, -0.42252824, 0.35308015, -0.09668899, 0.16660434, 0.0815569, -0.06370338, -0.13127862, 0.06910064, 0.08428016, -0.085270986, -0.0737968, -0.11326947, 0.032334134, -0.37330014, 0.22700751, 0.021356342, -0.09989214, -0.06386217, 0.44230095, 0.18339083, -0.48420364, -0.069671676]
Q3_10 [-0.45292816, 0.3011573, 0.0748373, -0.44175512, 0.4168201, 0.40077806, 0.02000307, 0.25122604, 0.41436154, 0.23735996, 0.38091055, -0.02201468, 0.33428353, 0.033861563, 0.31472388, -0.2590487, -0.25755072, -0.19492263, -0.45020968, 0.3660203, -0.108578466, 0.18093753, 0.0674156, -0.074921295, -0.1569005, 0.08654698, 0.082121715, -0.082964584, -0.08561507, -0.1347283, 0.058799684, -0.40482292, 0.25287947, 0.042572074, -0.11154461, -0.059076026, 0.4741803, 0.1985268, -0.54424274, -0.08411182]
Q3_9 [-0.43093598, 0.28276944, 0.06388283, -0.4229084, 0.4113031, 0.37562314, 0.03267588, 0.24062966, 0.4138336, 0.21636127, 0.3674369, -0.03507269, 0.31676632, 0.018604955, 0.29643053, -0.25672537, -0.22995114, -0.19499235, -0.44456717, 0.36498475, -0.113813534, 0.1850607, 0.08645953, -0.07406652, -0.15121438, 0.07871617, 0.07056576, -0.08628572, -0.067543276, -0.12597528, 0.045556664, -0.3943486, 0.24053892, 0.022006951, -0.11073589, -0.049215395, 0.44447547, 0.20474732, -0.5209157, -0.083154894]
Q3_8 [-0.40982017, 0.26674417, 0.08353594, -0.38694632, 0.3671623, 0.3453329, 0.012068207, 0.21634237, 0.37444738, 0.20822704, 0.334066, -0.034527577, 0.28621826, 0.030529033, 0.27276233, -0.23697475, -0.23204912, -0.19547127, -0.3963575, 0.32571042, -0.09233506, 0.16038623, 0.07815314, -0.07571235, -0.14600497, 0.074483626, 0.07205977, -0.074048474, -0.07109025, -0.11126397, 0.0510102, -0.3702913, 0.20573284, 0.025109228, -0.1008782, -0.035400584, 0.4139576, 0.17020316, -0.48413616, -0.08047879]
Q17_1 [-0.44908878, 0.26159918, 0.09275063, -0.39601955, 0.38271627, 0.38690192, 0.024931971, 0.21926278, 0.41597676, 0.22772215, 0.33592772, -0.03151768, 0.3145805, 0.050298035, 0.29233977, -0.24377762, -0.23382999, -0.18784863, -0.4358336, 0.34083232, -0.10615938, 0.18584932, 0.070249856, -0.06765488, -0.16000918, 0.09747901, 0.06857679, -0.096871786, -0.08508039, -0.122894, 0.032134183, -0.39712504, 0.23743817, 0.045204263, -0.098455995, -0.06522959, 0.4538539, 0.17829588, -0.50684476, -0.061805222]
Q17_3 [-0.38992026, 0.26987305, 0.072278894, -0.3715608, 0.35750276, 0.34952646, 0.016310196, 0.21236612, 0.3607137, 0.20428826, 0.31774423, -0.02649808, 0.2869868, 0.031313512, 0.26885667, -0.23173533, -0.21489006, -0.17464942, -0.3986803, 0.30452988, -0.10660983, 0.18023157, 0.06032055, -0.07235955, -0.14987867, 0.09354882, 0.06797125, -0.086638086, -0.057063438, -0.1138537, 0.057060786, -0.35340136, 0.2149798, 0.039627146, -0.08655459, -0.042170055, 0.3943761, 0.17228939, -0.4708684, -0.07316941]
Q1_1 [-0.38708603, 0.24187951, 0.07354288, -0.35008717, 0.35709092, 0.33444357, 0.0308749, 0.21269368, 0.3482579, 0.19862306, 0.31173435, -0.026714884, 0.2716192, 0.0282119, 0.24739979, -0.20287973, -0.20280631, -0.18413587, -0.38560084, 0.30307037, -0.08701988, 0.15236512, 0.07026565, -0.078563765, -0.12608182, 0.07307363, 0.06931192, -0.09002358, -0.0759478, -0.10983806, 0.047198694, -0.34271994, 0.21154343, 0.03686926, -0.084560074, -0.035071652, 0.38600475, 0.17020546, -0.44609386, -0.058500294]
Q1_3 [-0.37080175, 0.23875529, 0.063885346, -0.3494455, 0.34621248, 0.31214148, 0.018798735, 0.20674382, 0.33237705, 0.190612, 0.29673687, -0.020600501, 0.26385754, 0.03388646, 0.24314646, -0.20994565, -0.205648, -0.18204667, -0.3674521, 0.29364666, -0.08454768, 0.15629505, 0.068433784, -0.053245977, -0.13573389, 0.089378685, 0.07404324, -0.07434927, -0.06437455, -0.097283415, 0.041425034, -0.34633797, 0.2099743, 0.024284754, -0.077654935, -0.0365317, 0.38324368, 0.15768504, -0.44157845, -0.055002745]
Q4_2 [-0.36190557, 0.25410295, 0.06629353, -0.33632576, 0.3491104, 0.31442603, 0.029062128, 0.20302817, 0.3457677, 0.1998817, 0.30943495, -0.041107334, 0.26001725, 0.0251834, 0.25784203, -0.22474217, -0.21550816, -0.185947, -0.35247898, 0.30753234, -0.08909599, 0.16868627, 0.05751954, -0.09036629, -0.118072666, 0.09251722, 0.066927314, -0.059790514, -0.06054758, -0.11880689, 0.03605798, -0.35120654, 0.20686993, 0.028585704, -0.08287509, -0.034788314, 0.38829708, 0.17783964, -0.4526005, -0.06369427]
Q7_2 [-0.4690366, 0.27478755, 0.0969241, -0.42015132, 0.41072282, 0.3914753, 0.026241757, 0.24029426, 0.4298352, 0.23713279, 0.36471358, -0.046047296, 0.3218802, 0.026719023, 0.29992437, -0.2569054, -0.24966004, -0.19896515, -0.44572747, 0.36686572, -0.10492659, 0.20699857, 0.088388234, -0.072959274, -0.1574277, 0.08147152, 0.067060925, -0.07771146, -0.09181226, -0.13188262, 0.037114456, -0.4097537, 0.25531843, 0.021990657, -0.11024474, -0.06290807, 0.45602727, 0.20128807, -0.5301095, -0.080343656]
Q1_4 [-0.40335143, 0.24607734, 0.076227374, -0.35983497, 0.3613072, 0.3534857, 0.03255799, 0.21669504, 0.36764166, 0.19375533, 0.29457244, -0.03470941, 0.26053175, 0.02246948, 0.2461994, -0.2033824, -0.1916303, -0.17579065, -0.38715637, 0.32075527, -0.10267451, 0.16246921, 0.056805365, -0.062764846, -0.12466696, 0.06032328, 0.062414445, -0.09405197, -0.07727611, -0.09660039, 0.021488588, -0.3659883, 0.22707415, 0.025400966, -0.08944893, -0.05941602, 0.40133142, 0.16408476, -0.45051223, -0.06731461]
Q3_11 [-0.4004093, 0.2731224, 0.08549789, -0.38482398, 0.36529586, 0.33772558, 0.027851578, 0.20039907, 0.3708877, 0.20491989, 0.32382214, -0.039815925, 0.28428108, 0.017954886, 0.24950434, -0.22495972, -0.21622086, -0.16968912, -0.39525536, 0.31374812, -0.08499244, 0.15800813, 0.04987191, -0.055255365, -0.15380456, 0.10065774, 0.08185398, -0.085029624, -0.079854086, -0.1019191, 0.059679795, -0.3543527, 0.21302687, 0.013560279, -0.10391204, -0.032877255, 0.39497137, 0.19563623, -0.45493618, -0.05009579]
Q5_4 [-0.4292061, 0.2791633, 0.08360004, -0.39698195, 0.3850403, 0.37563333, 0.038523983, 0.23462215, 0.40865582, 0.22081418, 0.35255963, -0.03204227, 0.2910739, 0.04717129, 0.27542174, -0.25406265, -0.22215311, -0.18004492, -0.41749844, 0.35066548, -0.100695364, 0.17373474, 0.08216719, -0.070429854, -0.1615253, 0.09439787, 0.06525065, -0.0839208, -0.08369477, -0.14000282, 0.04468403, -0.38138294, 0.23059174, 0.040789444, -0.10917191, -0.0664258, 0.45244575, 0.20539758, -0.49113527, -0.08250795]
Q5_1 [-0.35074192, 0.2319647, 0.05957428, -0.33258542, 0.33825302, 0.32184768, 0.019217337, 0.17940065, 0.32334453, 0.17881702, 0.29367256, -0.031027881, 0.24041083, 0.04885744, 0.253829, -0.20748895, -0.18681836, -0.1692905, -0.34958863, 0.28198072, -0.06744055, 0.15120278, 0.061702337, -0.072499946, -0.11376892, 0.0945226, 0.065675, -0.06592398, -0.06652662, -0.11346326, 0.03326067, -0.3218341, 0.18958321, 0.016536295, -0.09434546, -0.06048258, 0.3703065, 0.16809604, -0.41633832, -0.055834405]
Q4_1 [-0.2803253, 0.1742525, 0.049809836, -0.24142364, 0.24348404, 0.22712928, 0.026232012, 0.13866696, 0.24474372, 0.1309315, 0.21020378, -0.031880025, 0.19868846, 0.029711805, 0.16952458, -0.15316722, -0.13609226, -0.113072634, -0.25808394, 0.20876463, -0.06746314, 0.12459829, 0.045759466, -0.048466727, -0.09798762, 0.06579386, 0.058965787, -0.051574025, -0.0396261, -0.085514255, 0.022028917, -0.2582042, 0.14137334, 0.015076338, -0.055671766, -0.036930658, 0.27655467, 0.12894061, -0.31548843, -0.05758975]
Q3_12 [-0.20839792, 0.14249243, 0.051682115, -0.19761191, 0.209433, 0.20425476, 0.016231729, 0.105906725, 0.19217259, 0.10272794, 0.18444309, -0.020324418, 0.1550334, 0.010153972, 0.15740299, -0.12867163, -0.10902219, -0.09840851, -0.22782655, 0.16885474, -0.06308802, 0.08202767, 0.046792332, -0.050344102, -0.06928433, 0.035418615, 0.032886166, -0.053907704, -0.044463396, -0.06323467, 0.016476158, -0.19759355, 0.12568963, 0.019195074, -0.049709566, -0.04307821, 0.22571604, 0.10744736, -0.24496138, -0.046533152]
Q7_1 [-0.046144914, 0.2781003, -0.16265742, -0.055772725, 0.42727175, -0.2885642, -0.12645286, -0.33875322, -0.3252175, 0.4581128, 0.059728913, 0.15520416, -0.08701134, -0.028978465, -0.17954697, -0.06294172, -0.09388511, 0.24059044, 0.138678, -0.18398814, 0.05123781, -0.086964466, 0.06410239, -0.12812969, -0.04221315, 0.3601551, -0.10592876, -0.15611345, -0.14522564, -0.046068862, 0.4235472, 0.26759735, -0.0903342, -0.39535928, -0.04079752, 0.16484481, -0.14512749, -0.088592306, -0.043191165, 0.17549701]
Q6_1 [-0.025875214, 0.28395763, -0.15146671, -0.058634456, 0.44215915, -0.28772578, -0.16547753, -0.33907002, -0.32690337, 0.49068522, 0.071609385, 0.17671485, -0.10261329, -0.024344608, -0.20266497, -0.090711, -0.08345922, 0.23604785, 0.14082047, -0.16673605, 0.080106765, -0.08943541, 0.07017374, -0.14122556, -0.02567051, 0.35715282, -0.10580948, -0.20490158, -0.18589829, -0.052139238, 0.4352819, 0.2887036, -0.09330909, -0.43998623, -0.041578136, 0.1886337, -0.17954612, -0.131032, -0.028344193, 0.16273026]
Q3_3 [-0.026439242, 0.26008373, -0.14288537, -0.06847027, 0.4114606, -0.2815317, -0.17870925, -0.3260149, -0.30065906, 0.47642687, 0.06351932, 0.15219672, -0.09735964, -0.021921, -0.21694094, -0.076154046, -0.07730535, 0.20573474, 0.13028224, -0.16730535, 0.07218318, -0.059710294, 0.053547878, -0.1252657, -0.023294242, 0.33654356, -0.08941954, -0.19439608, -0.17534025, -0.0670045, 0.39017782, 0.27469185, -0.06473701, -0.43095416, -0.042456042, 0.18256624, -0.18148759, -0.115153104, -0.034985293, 0.15061896]
Q3_1 [-0.03300464, 0.28235602, -0.15118355, -0.08320977, 0.42849407, -0.2940992, -0.16111699, -0.3373998, -0.3210592, 0.4962882, 0.07566755, 0.17687213, -0.11436767, -0.028771302, -0.22063561, -0.07455016, -0.086058535, 0.21088226, 0.1362278, -0.15838434, 0.072157286, -0.07874351, 0.050634645, -0.142615, -0.038776785, 0.3569418, -0.096932456, -0.18646388, -0.1891293, -0.03956287, 0.42770216, 0.28371632, -0.08769055, -0.41716915, -0.038090616, 0.19425249, -0.17388237, -0.10630051, -0.033581223, 0.16844009]
Q3_4 [-0.028167237, 0.2755039, -0.15130076, -0.06841782, 0.43956703, -0.27686986, -0.17185593, -0.33404866, -0.31183407, 0.48508093, 0.052088667, 0.15388896, -0.09378415, -0.04318529, -0.18984483, -0.09101274, -0.07761306, 0.23434786, 0.13603014, -0.1636328, 0.064140856, -0.081522524, 0.049387157, -0.14555708, -0.027762115, 0.37345016, -0.1016768, -0.18482831, -0.17949025, -0.046614338, 0.40543002, 0.28761676, -0.09355981, -0.40954167, -0.05301517, 0.19303292, -0.16538216, -0.12589595, -0.037919536, 0.15184803]
Q3_2 [-0.04672993, 0.29727116, -0.16568577, -0.053863183, 0.46017405, -0.30521867, -0.17639884, -0.35854027, -0.32701623, 0.5043559, 0.086262226, 0.17148659, -0.12032295, -0.0147323795, -0.2288523, -0.07508427, -0.09411303, 0.21623641, 0.1620792, -0.1735053, 0.05940681, -0.08428749, 0.07782669, -0.12161637, -0.029071126, 0.367984, -0.10825902, -0.20174623, -0.19451308, -0.06099258, 0.43121922, 0.27140695, -0.07585181, -0.435576, -0.054165415, 0.19909301, -0.1828045, -0.11678605, -0.030552782, 0.15949865]
Q2_2 [-0.04675465, 0.30313662, -0.16914545, -0.074847296, 0.47532022, -0.29243737, -0.18036659, -0.33308133, -0.3177921, 0.5231452, 0.080674775, 0.18531825, -0.11703208, -0.035367314, -0.21482441, -0.08543768, -0.09490237, 0.24186832, 0.15999314, -0.16094203, 0.08658825, -0.071051635, 0.056930795, -0.13369362, -0.054568764, 0.37682724, -0.11408669, -0.21291311, -0.20494705, -0.04688143, 0.43856338, 0.29722413, -0.09928062, -0.45190254, -0.03791829, 0.21193698, -0.17696567, -0.13639303, -0.03396508, 0.16925049]
Q8_2 [-0.025637291, 0.27406594, -0.14879899, -0.053773504, 0.45331073, -0.30895364, -0.14315273, -0.35539904, -0.32736397, 0.48462394, 0.08945226, 0.15561177, -0.09057545, -0.017715154, -0.21021219, -0.06285651, -0.081171796, 0.23860699, 0.14949854, -0.18274781, 0.07680636, -0.066871226, 0.06689754, -0.13361679, -0.051751994, 0.37738913, -0.09154701, -0.19419672, -0.17587467, -0.05043065, 0.42990336, 0.26885295, -0.07718391, -0.42651013, -0.024895655, 0.19443658, -0.1554619, -0.10500261, -0.031560726, 0.17362127]
Q5_3 [-0.022572659, 0.24670036, -0.14155637, -0.076794006, 0.41043514, -0.28083518, -0.13750994, -0.33205745, -0.2902493, 0.46167243, 0.071955666, 0.15673634, -0.10903166, -0.014538536, -0.18635276, -0.058215868, -0.0856827, 0.20574991, 0.15026626, -0.14635912, 0.05505725, -0.061153106, 0.037650917, -0.13516964, -0.033588346, 0.34420115, -0.08473111, -0.18849957, -0.1595257, -0.060178265, 0.38853383, 0.26957878, -0.07731782, -0.4011267, -0.045168385, 0.16544764, -0.17224215, -0.10611864, -0.033450656, 0.1572178]
Q8_1 [-0.034390423, 0.29539993, -0.17245016, -0.07135396, 0.474257, -0.3096215, -0.1724437, -0.37056476, -0.3535755, 0.5148807, 0.08079712, 0.18805213, -0.11931145, -0.023795197, -0.23042113, -0.08587565, -0.0890254, 0.24691878, 0.1418619, -0.18445905, 0.08399422, -0.07875026, 0.0529012, -0.16059732, -0.047377583, 0.39070502, -0.09973419, -0.20626189, -0.19275433, -0.050716206, 0.46023408, 0.30100137, -0.10167075, -0.46814796, -0.04340714, 0.19481419, -0.19498414, -0.12793687, -0.043073148, 0.18508203]
Q17_2 [-0.03387566, 0.28966087, -0.17403905, -0.07806888, 0.45656398, -0.30485734, -0.14848074, -0.36615723, -0.32151818, 0.48500022, 0.07863832, 0.1696084, -0.101541415, -0.03431017, -0.21783112, -0.06582754, -0.07512229, 0.236842, 0.16481653, -0.18752928, 0.057267766, -0.06827285, 0.057548206, -0.14558472, -0.044316977, 0.3877642, -0.105031125, -0.17615417, -0.19042334, -0.041035134, 0.44163424, 0.2743171, -0.09110849, -0.43676275, -0.042270377, 0.19582908, -0.17695828, -0.10924482, -0.03855082, 0.16467814]
Q3_5 [-0.03713825, 0.26902112, -0.14702809, -0.08284446, 0.42843407, -0.28141332, -0.14849131, -0.34240773, -0.31340173, 0.48237735, 0.063847005, 0.17241621, -0.085779615, -0.029966537, -0.2057125, -0.07391529, -0.09149422, 0.23376366, 0.13919403, -0.16268353, 0.07628881, -0.059986565, 0.050783724, -0.12760107, -0.040588602, 0.36796936, -0.110048756, -0.17512943, -0.18072052, -0.05191916, 0.40046567, 0.2808542, -0.081512526, -0.42698434, -0.023913445, 0.18241112, -0.16372126, -0.10266477, -0.028676864, 0.1621765]
Q4_3 [-0.03594114, 0.27726012, -0.1429458, -0.07435084, 0.43978605, -0.29336536, -0.16485281, -0.31207427, -0.3091873, 0.4751169, 0.08141666, 0.1463917, -0.09121587, -0.042563025, -0.20154302, -0.08862502, -0.07489233, 0.22703604, 0.13112435, -0.1621052, 0.08253618, -0.056581456, 0.05822206, -0.1382922, -0.038248036, 0.35049218, -0.092005916, -0.20068015, -0.16707349, -0.05710436, 0.40765125, 0.26840737, -0.06831124, -0.42143238, -0.036126226, 0.19605336, -0.17049795, -0.100772806, -0.042770166, 0.15253437]
Q17_4 [-0.03078902, 0.29112637, -0.16465151, -0.076570846, 0.46721032, -0.30769533, -0.17004997, -0.36988112, -0.34331742, 0.52394336, 0.063803196, 0.18338035, -0.10147001, -0.048384916, -0.21727042, -0.075103015, -0.08948916, 0.23071483, 0.13724428, -0.1742841, 0.08271771, -0.091865376, 0.060944367, -0.15530862, -0.04389785, 0.394011, -0.09918178, -0.2141456, -0.19263275, -0.06735397, 0.43965954, 0.30912954, -0.085486345, -0.463157, -0.039754882, 0.20624104, -0.1850334, -0.13538995, -0.04195577, 0.15859638]
Q5_2 [-0.015768368, 0.28295597, -0.15138626, -0.07025874, 0.46536252, -0.29404968, -0.17229553, -0.355618, -0.34229943, 0.5078561, 0.06967161, 0.16496177, -0.119234584, -0.03714935, -0.22455901, -0.066944934, -0.08757028, 0.23966195, 0.16117947, -0.18587978, 0.067182966, -0.065228954, 0.049386702, -0.13358222, -0.042236466, 0.3822382, -0.11684693, -0.21117713, -0.17825611, -0.06320238, 0.42404935, 0.2978918, -0.0840232, -0.4506989, -0.053585358, 0.20216501, -0.17495257, -0.1298638, -0.038659077, 0.16385062]
Q4_4 [-0.03438646, 0.31703636, -0.19633788, -0.082823984, 0.506412, -0.3205462, -0.18119755, -0.3627736, -0.37372944, 0.5395005, 0.093706094, 0.19514047, -0.12566257, -0.034820404, -0.22257487, -0.090971775, -0.07696338, 0.24249525, 0.17186485, -0.19284055, 0.08139445, -0.07524634, 0.075553596, -0.16221125, -0.04356049, 0.42768878, -0.10148741, -0.22433503, -0.20383207, -0.056982405, 0.45703396, 0.28986698, -0.10032201, -0.4926349, -0.032110542, 0.21812172, -0.18527499, -0.12815316, -0.037640415, 0.18566476]
Q1_5 [-0.031498622, 0.2524301, -0.14274436, -0.07540004, 0.4092873, -0.2644507, -0.16006002, -0.31299877, -0.29911327, 0.43758672, 0.04761946, 0.14565393, -0.106030084, -0.030323014, -0.20450641, -0.08253991, -0.090418085, 0.21176495, 0.12786172, -0.1512681, 0.07196258, -0.08098828, 0.03834696, -0.116972834, -0.022789292, 0.33465156, -0.08116312, -0.16999075, -0.14918268, -0.06292401, 0.39951032, 0.27098176, -0.0693138, -0.407088, -0.029443339, 0.17724097, -0.1700239, -0.10731637, -0.018799229, 0.1600371]
Q2_4 [-0.027815705, 0.3041124, -0.1748838, -0.083906546, 0.50234103, -0.33352152, -0.15962985, -0.3899052, -0.3591547, 0.5502398, 0.07743289, 0.18522267, -0.10062348, -0.043144524, -0.22655359, -0.099173844, -0.08226015, 0.25747976, 0.16840363, -0.20022339, 0.084003665, -0.07487369, 0.05173544, -0.15651077, -0.045167975, 0.4063135, -0.12234559, -0.21743636, -0.21072884, -0.059142686, 0.48134568, 0.31249502, -0.07786744, -0.48763284, -0.033311315, 0.20099841, -0.19209138, -0.13058822, -0.035599705, 0.19394942]
Q3_7 [-0.03950353, 0.3191748, -0.1899139, -0.09272875, 0.5363773, -0.34400457, -0.17525606, -0.40174723, -0.3723149, 0.5825039, 0.0766062, 0.18247421, -0.11543426, -0.027082574, -0.24655487, -0.096526235, -0.09206947, 0.26802388, 0.18131551, -0.19625947, 0.07352413, -0.0956226, 0.07774038, -0.15594602, -0.04603124, 0.43084854, -0.12524572, -0.2257896, -0.21483128, -0.05095102, 0.5041757, 0.3182763, -0.09642208, -0.5182302, -0.041253638, 0.2243564, -0.18996394, -0.12739675, -0.031628814, 0.18576303]
Q2_3 [-0.02659482, 0.28862995, -0.16430171, -0.07034398, 0.4476044, -0.3122485, -0.1808589, -0.33321205, -0.32133517, 0.4973259, 0.08019443, 0.17931451, -0.1002225, -0.03854627, -0.20629303, -0.08784351, -0.09797395, 0.21691976, 0.1488934, -0.17703892, 0.07724591, -0.07634322, 0.061569963, -0.1308127, -0.05214069, 0.38335988, -0.11400448, -0.1887063, -0.19794038, -0.04183184, 0.43130276, 0.27531847, -0.08617574, -0.4540013, -0.028809804, 0.20394683, -0.18035288, -0.11808077, -0.02569718, 0.15535365]
Q2_1 [-0.02031269, 0.3062381, -0.181435, -0.077896014, 0.4868492, -0.3264098, -0.1786963, -0.3751149, -0.3390793, 0.53812975, 0.073622435, 0.19404417, -0.09877258, -0.045137547, -0.222747, -0.09230055, -0.0958925, 0.23561177, 0.16568378, -0.19677569, 0.06517938, -0.06677241, 0.066039264, -0.14980312, -0.04198001, 0.39092347, -0.09793094, -0.2102846, -0.20099723, -0.052423175, 0.467457, 0.28999355, -0.099596076, -0.4837414, -0.030148435, 0.20575543, -0.19486444, -0.120934784, -0.045285996, 0.17687431]
Q6_2 [-0.030879715, 0.35237372, -0.19087566, -0.09340451, 0.53162503, -0.36149266, -0.21151417, -0.39081812, -0.39807782, 0.5939755, 0.09349782, 0.18553218, -0.12435798, -0.033208966, -0.2621301, -0.087771855, -0.09080868, 0.26176465, 0.17832868, -0.2158542, 0.08491394, -0.09347094, 0.0870898, -0.1723582, -0.032122485, 0.45806652, -0.13299827, -0.23423015, -0.23403251, -0.05137937, 0.5091662, 0.34313533, -0.1134936, -0.53433156, -0.044497605, 0.22436246, -0.20069212, -0.14904192, -0.041324317, 0.18960753]
Q3_6 [-0.047657516, 0.3305708, -0.21522836, -0.08460194, 0.5483337, -0.34291443, -0.165946, -0.38275948, -0.3934674, 0.56025803, 0.102661654, 0.21243118, -0.13934971, -0.035439476, -0.2430639, -0.09047289, -0.091232315, 0.26440772, 0.17792673, -0.20366105, 0.07018598, -0.07985417, 0.08471908, -0.15468262, -0.06933019, 0.4519261, -0.11579173, -0.22869985, -0.21643382, -0.05631932, 0.51481843, 0.3052535, -0.0928951, -0.5180169, -0.021050885, 0.22954959, -0.20983236, -0.13087778, -0.025241774, 0.21123113]
Q1_2 [-0.027515657, 0.31600463, -0.18614161, -0.068559475, 0.52628475, -0.3290328, -0.19310461, -0.39709473, -0.371953, 0.5574541, 0.08730284, 0.20784421, -0.12458547, -0.049879164, -0.24022105, -0.089114405, -0.08860285, 0.26603255, 0.16493632, -0.18956086, 0.07864129, -0.07454752, 0.07404979, -0.16102554, -0.053810768, 0.4227819, -0.11640204, -0.20834847, -0.2205413, -0.07319086, 0.48459357, 0.33181757, -0.09191388, -0.49795803, -0.043689493, 0.20714892, -0.18282948, -0.13791353, -0.02587195, 0.1899216]
Q2_5 [-0.031457443, 0.33119142, -0.1934663, -0.07304135, 0.49890506, -0.31948376, -0.17131048, -0.3766793, -0.38052914, 0.54702395, 0.08496105, 0.18699624, -0.12515457, -0.030188048, -0.23023893, -0.087141454, -0.107147865, 0.2593516, 0.1618497, -0.19716315, 0.08513935, -0.078006394, 0.06590579, -0.15803748, -0.047613963, 0.43320268, -0.11911237, -0.20850495, -0.19375885, -0.070257716, 0.49184477, 0.30864817, -0.08202301, -0.49661073, -0.039640967, 0.22795641, -0.19102973, -0.14260697, -0.045747142, 0.19312665]
Q3_10 [-0.0456133, 0.3397516, -0.19658794, -0.093751065, 0.55215013, -0.37246898, -0.18844527, -0.4302858, -0.39703596, 0.60392475, 0.08869869, 0.19814937, -0.11615477, -0.048688307, -0.25839016, -0.10212591, -0.10565147, 0.28251895, 0.19323461, -0.2112118, 0.08929293, -0.09021718, 0.07643853, -0.18641233, -0.061147586, 0.47750255, -0.123422496, -0.23440693, -0.22368984, -0.06582216, 0.52682495, 0.32814762, -0.09497545, -0.5638294, -0.034106575, 0.23198278, -0.21363722, -0.15582076, -0.039326742, 0.21542545]
Q3_9 [-0.032602977, 0.33001703, -0.21147034, -0.082356445, 0.5437872, -0.35636726, -0.16496064, -0.40756038, -0.38554785, 0.5839711, 0.08046732, 0.19908892, -0.1176158, -0.0440145, -0.2527941, -0.081085436, -0.084828995, 0.26430905, 0.18230656, -0.20571953, 0.06418525, -0.07909896, 0.06828433, -0.16522746, -0.0409963, 0.45051742, -0.13106705, -0.2307687, -0.21528478, -0.046751857, 0.50054544, 0.32041928, -0.09678768, -0.53261304, -0.023953969, 0.21350563, -0.21209039, -0.13778085, -0.0471106, 0.20904624]
Q3_8 [-0.048996806, 0.3050076, -0.18152413, -0.07648086, 0.49661833, -0.31272075, -0.16609745, -0.36130437, -0.36871395, 0.5396288, 0.07341668, 0.18854399, -0.105868824, -0.039898384, -0.22997752, -0.07828849, -0.09383589, 0.25206777, 0.1679567, -0.20293826, 0.0871238, -0.08907014, 0.081886284, -0.15125869, -0.056391116, 0.4211126, -0.10685119, -0.20739539, -0.2109686, -0.06265808, 0.4608163, 0.29034644, -0.09394525, -0.47048295, -0.024577236, 0.2149572, -0.17599086, -0.12380874, -0.04050593, 0.17641596]
Q17_1 [-0.029659735, 0.3257517, -0.1895816, -0.09348442, 0.5280934, -0.33872625, -0.18538956, -0.3973171, -0.3739102, 0.5673655, 0.079516836, 0.19547503, -0.13232854, -0.03125087, -0.24833904, -0.101435296, -0.10236359, 0.26664296, 0.18449746, -0.20322579, 0.08845897, -0.08367111, 0.07093991, -0.16350365, -0.037535366, 0.44461346, -0.12365282, -0.21332629, -0.20069888, -0.059494805, 0.5061669, 0.31928918, -0.08356963, -0.51544935, -0.031626448, 0.22512628, -0.21650939, -0.13173819, -0.03844295, 0.18469544]
Q17_3 [-0.043002274, 0.311534, -0.17641918, -0.0673452, 0.47873205, -0.3198283, -0.14727084, -0.36095056, -0.35577404, 0.5187499, 0.087329954, 0.17331721, -0.11695495, -0.038841538, -0.23462851, -0.083831914, -0.08340856, 0.22927989, 0.15430082, -0.18602642, 0.0814872, -0.08277231, 0.057385422, -0.1545297, -0.051463064, 0.405378, -0.09617153, -0.19218273, -0.20051394, -0.055485617, 0.46810028, 0.282165, -0.10089155, -0.47717485, -0.016827488, 0.19636337, -0.18565924, -0.11149091, -0.03201496, 0.17777872]
Q1_1 [-0.022031995, 0.28393868, -0.16837125, -0.065121695, 0.46476957, -0.29841587, -0.16811971, -0.35730958, -0.32964185, 0.5121726, 0.07144988, 0.17832781, -0.10181213, -0.045113403, -0.22469187, -0.071891524, -0.09149975, 0.24333166, 0.15894544, -0.18623266, 0.069710426, -0.07856157, 0.051767446, -0.13938503, -0.04663835, 0.37964085, -0.109223746, -0.19167458, -0.1829831, -0.041142628, 0.43849564, 0.2924803, -0.07951696, -0.4605425, -0.034556184, 0.18987697, -0.18417618, -0.12541468, -0.019787602, 0.17270347]
Q1_3 [-0.022877106, 0.28594005, -0.17656024, -0.08318446, 0.43686518, -0.27923527, -0.14727569, -0.34758875, -0.3360333, 0.4900564, 0.08165849, 0.16417274, -0.09399337, -0.02324327, -0.21476085, -0.08730965, -0.076879464, 0.2384059, 0.1569798, -0.16292179, 0.058012992, -0.08851104, 0.06795382, -0.14440183, -0.037957855, 0.35948497, -0.08979391, -0.18440835, -0.1892711, -0.037233025, 0.4353727, 0.28696778, -0.07714552, -0.44648644, -0.03166409, 0.1934494, -0.16661802, -0.11939748, -0.025376126, 0.16818514]
Q4_2 [-0.03684071, 0.29731888, -0.1612611, -0.0742856, 0.46160498, -0.30485132, -0.15579164, -0.3378141, -0.31192425, 0.5087024, 0.08039394, 0.1681074, -0.081444554, -0.01393619, -0.20706683, -0.07423803, -0.07340578, 0.22667953, 0.14869812, -0.17603622, 0.07203987, -0.08279112, 0.08188475, -0.12145247, -0.04024154, 0.3796108, -0.11066146, -0.1798714, -0.20541102, -0.038716193, 0.42897338, 0.28677112, -0.09559301, -0.4197158, -0.04349138, 0.20659038, -0.17394425, -0.1252399, -0.04195864, 0.15779941]
Q7_2 [-0.03286032, 0.34865093, -0.1827395, -0.091277786, 0.5355621, -0.34812447, -0.19351892, -0.42732847, -0.40067616, 0.605797, 0.09849942, 0.20504972, -0.13800749, -0.03053373, -0.2602737, -0.100543916, -0.103912726, 0.2787721, 0.18276562, -0.21003231, 0.080289155, -0.09655223, 0.0672851, -0.18012306, -0.038700964, 0.4390643, -0.13984594, -0.222578, -0.21515132, -0.06265873, 0.5092731, 0.34150457, -0.09673736, -0.53939307, -0.05005056, 0.22647306, -0.19708624, -0.14739326, -0.042084645, 0.19497861]
Q1_4 [-0.023457473, 0.29800773, -0.1723143, -0.07749466, 0.47187823, -0.29454654, -0.16929807, -0.3595538, -0.3526781, 0.5021005, 0.060517855, 0.18405022, -0.120181434, -0.022265477, -0.21338527, -0.07510108, -0.08643044, 0.23710819, 0.15596122, -0.18564202, 0.06551092, -0.080748856, 0.05363344, -0.15509076, -0.05219253, 0.38024318, -0.106070206, -0.2058114, -0.18358655, -0.06430604, 0.45550558, 0.28626227, -0.073348254, -0.4728652, -0.03229515, 0.18693575, -0.17058252, -0.11456395, -0.031313825, 0.17071895]
Q3_11 [-0.031161997, 0.3009287, -0.19706613, -0.09019105, 0.4918912, -0.30934143, -0.1427322, -0.3571141, -0.34334832, 0.523007, 0.07753701, 0.1774226, -0.104860455, -0.016829925, -0.23356728, -0.07904466, -0.0796455, 0.22382605, 0.17069516, -0.1689014, 0.059248995, -0.06889088, 0.05402181, -0.1494628, -0.059172057, 0.40679884, -0.09842401, -0.20059134, -0.20403247, -0.045063376, 0.4525056, 0.27882046, -0.08632525, -0.4811525, -0.01622681, 0.1895795, -0.19680975, -0.118588254, -0.042552445, 0.18623951]
Q5_4 [-0.024640381, 0.33016583, -0.20108524, -0.08386276, 0.5242204, -0.33271855, -0.17412555, -0.38884026, -0.37461725, 0.5584419, 0.09699691, 0.20167737, -0.13181137, -0.025240634, -0.23857737, -0.08016519, -0.0881946, 0.25885013, 0.1709751, -0.20406196, 0.073115624, -0.07625394, 0.056069057, -0.16294919, -0.05074591, 0.43659034, -0.110798344, -0.2248797, -0.2081068, -0.053654287, 0.48224264, 0.32454017, -0.08163872, -0.51501375, -0.03379343, 0.2118928, -0.20512351, -0.12589303, -0.03897366, 0.1949706]
Q5_1 [-0.036590513, 0.26087812, -0.1422195, -0.05606972, 0.43330827, -0.27638885, -0.16371568, -0.30052048, -0.30443, 0.4762092, 0.068654716, 0.15335172, -0.08616282, -0.038286865, -0.20767431, -0.061949767, -0.07974721, 0.21862407, 0.14093296, -0.16264965, 0.052192885, -0.060519367, 0.07274507, -0.12343335, -0.029618548, 0.3404568, -0.09688563, -0.18703164, -0.18959132, -0.041380394, 0.39652377, 0.25498495, -0.09419826, -0.4102426, -0.029839389, 0.19104089, -0.16340798, -0.11152085, -0.043316085, 0.14248136]
Q4_1 [-0.025965743, 0.2102752, -0.11655123, -0.04710694, 0.31218714, -0.19999665, -0.12414046, -0.251653, -0.22168344, 0.3456015, 0.04376038, 0.11622791, -0.06932922, -0.029269734, -0.15697846, -0.06287607, -0.04743408, 0.15649329, 0.11609301, -0.13601133, 0.038784023, -0.062979765, 0.037922326, -0.097264975, -0.018018013, 0.27112752, -0.08425639, -0.13716152, -0.12733354, -0.034911115, 0.29048228, 0.20470177, -0.064490855, -0.3041991, -0.015553512, 0.14730336, -0.122874714, -0.083518565, -0.022764685, 0.106227495]
Q3_12 [-0.0060693324, 0.16317138, -0.101819, -0.04428396, 0.2561254, -0.16079304, -0.09050971, -0.20924857, -0.19987756, 0.291074, 0.029069552, 0.102067165, -0.064154565, -0.009213913, -0.11949978, -0.037415165, -0.047444794, 0.12910078, 0.08626231, -0.09386885, 0.04392748, -0.031415142, 0.03693236, -0.09074754, -0.009759371, 0.21217838, -0.06273228, -0.110045426, -0.112468764, -0.04353949, 0.23491982, 0.1763893, -0.03983917, -0.2668287, -0.012129353, 0.10863593, -0.092302985, -0.076983124, -0.028997522, 0.089797944]
Q7_1 [0.3747438, 0.04334928, 0.1388998, 0.14579783, -0.24452542, -0.37195516, -0.48326305, -0.24636938, 0.07950611, 0.3534425, 0.04617939, 0.07413973, 0.22818965, 0.41852748, -0.13101147, 0.15466747, -0.055225838, 0.16599737, -0.09121092, -0.0073412526, 0.056723088, 0.19824365, -0.20255667, -0.17445077, 0.07432424, 0.07438528, 0.2297631, -0.054705396, -0.0802251, 0.1037104, 0.2570621, -0.021489335, 0.17522097, 0.117130294, 0.34767348, -0.10357291, -0.056210272, 0.3692714, 0.0655179, -0.18887116]
Q6_1 [0.38465923, 0.02652855, 0.17078972, 0.1647362, -0.27844998, -0.38284898, -0.509719, -0.26419997, 0.13157602, 0.3572416, 0.06755917, 0.10138834, 0.24744406, 0.46262628, -0.11974674, 0.14062226, -0.08078007, 0.14669316, -0.07964484, -0.013980742, 0.030956456, 0.18292488, -0.23091282, -0.16953179, 0.09078162, 0.10011356, 0.24102314, -0.037488136, -0.07371195, 0.11198524, 0.25348315, -0.004283015, 0.15337102, 0.13604939, 0.4015785, -0.099024884, -0.05236036, 0.36495832, 0.054866787, -0.2190715]
Q3_3 [0.37155324, 0.012971442, 0.14659694, 0.145224, -0.25699127, -0.33498335, -0.49918818, -0.26104215, 0.12890446, 0.35482717, 0.08497294, 0.1025681, 0.23988268, 0.41658664, -0.10176955, 0.13060462, -0.08132333, 0.1388913, -0.06030403, 0.0017400702, 0.025459802, 0.15966277, -0.19978856, -0.14287545, 0.097746834, 0.1083316, 0.23536114, -0.03512515, -0.07757515, 0.104718894, 0.21662265, 0.015373226, 0.14227274, 0.14291094, 0.37192535, -0.084904216, -0.0745799, 0.35504934, 0.049598068, -0.21500319]
Q3_1 [0.3816477, 0.033115543, 0.15437566, 0.14538471, -0.27335396, -0.36898294, -0.51020855, -0.24385491, 0.12892358, 0.3606136, 0.08018506, 0.11012403, 0.23896232, 0.44500735, -0.10687531, 0.14141488, -0.0790086, 0.16754697, -0.062070057, 0.010548439, 0.037254702, 0.18599108, -0.21919262, -0.15329409, 0.082427956, 0.10423918, 0.23270367, -0.0422861, -0.09128906, 0.10891972, 0.233212, -0.0026427845, 0.16944924, 0.1383902, 0.3881118, -0.075917676, -0.05904458, 0.3692818, 0.043006007, -0.22936933]
Q3_4 [0.39436504, 0.03823746, 0.16806728, 0.15200263, -0.27073696, -0.36063382, -0.4735674, -0.27618942, 0.121713616, 0.35595894, 0.07298086, 0.07956414, 0.2243089, 0.43889922, -0.10981563, 0.13450561, -0.043353736, 0.15035741, -0.06525929, -0.019677307, 0.049357675, 0.1747052, -0.2255034, -0.16148959, 0.08900907, 0.086539574, 0.23484436, -0.049231227, -0.07503057, 0.12130479, 0.23795447, 0.0062201256, 0.14322789, 0.14689203, 0.3907431, -0.08052412, -0.07385895, 0.3598234, 0.050389923, -0.20824254]
Q3_2 [0.40021765, 0.028503446, 0.15145732, 0.16745539, -0.28114504, -0.3745527, -0.5341343, -0.27321893, 0.11277548, 0.3849317, 0.061273232, 0.08361899, 0.21665907, 0.4651435, -0.12095247, 0.13665792, -0.08173621, 0.14596118, -0.077519864, 0.006217975, 0.02396189, 0.18788192, -0.21577132, -0.14468183, 0.09885335, 0.109149866, 0.24941541, -0.036453933, -0.070680365, 0.12618719, 0.26581296, -0.01604114, 0.1583738, 0.12665312, 0.39005974, -0.09310921, -0.057441507, 0.3761591, 0.07065886, -0.2432459]
Q2_2 [0.42825985, 0.023237599, 0.17602979, 0.16747858, -0.27599385, -0.3783546, -0.51842564, -0.29080212, 0.113630936, 0.38083407, 0.08447222, 0.09068209, 0.2312411, 0.48086596, -0.106304266, 0.16489343, -0.064191386, 0.15351221, -0.06270432, 0.009667113, 0.05538339, 0.1719806, -0.2294909, -0.17175926, 0.11144023, 0.09098265, 0.26096877, -0.043605037, -0.07400582, 0.13406107, 0.27242026, -0.010106324, 0.15589924, 0.16071372, 0.42536893, -0.07858335, -0.07149834, 0.38863167, 0.060390778, -0.23914476]
Q8_2 [0.41071528, 0.018827245, 0.16529663, 0.15392816, -0.28017414, -0.38135752, -0.5060733, -0.27165174, 0.09742597, 0.35611328, 0.07656241, 0.08903427, 0.20871855, 0.4513173, -0.12310924, 0.14600605, -0.048835028, 0.17346928, -0.07997054, -0.0062570553, 0.049506556, 0.20104529, -0.22215913, -0.15822808, 0.09821811, 0.08579884, 0.22577585, -0.046584297, -0.07951959, 0.10812578, 0.24085434, 0.003627511, 0.15986395, 0.12701422, 0.3869804, -0.07712173, -0.06540097, 0.3757932, 0.052905757, -0.23236333]
Q5_3 [0.35297605, 0.01646982, 0.14795916, 0.12763341, -0.2603579, -0.32935917, -0.4595969, -0.24613874, 0.107624605, 0.3344552, 0.05003568, 0.07749436, 0.22856672, 0.422227, -0.1041243, 0.13012087, -0.074224465, 0.16051532, -0.08411941, -0.013367957, 0.03680771, 0.17478806, -0.21409544, -0.1525787, 0.08510021, 0.075691275, 0.21920304, -0.025871387, -0.0763591, 0.1065769, 0.23516868, 0.01099018, 0.15603408, 0.12684214, 0.36586294, -0.08875617, -0.040382072, 0.33874688, 0.07206016, -0.21770304]
Q8_1 [0.4321265, 0.037969567, 0.18059744, 0.17572913, -0.29375234, -0.3992319, -0.5554981, -0.2896898, 0.13337366, 0.3988766, 0.0723819, 0.094817534, 0.2519887, 0.46600056, -0.12604524, 0.16729055, -0.06608377, 0.1753636, -0.080485314, 0.013178687, 0.04540997, 0.20417571, -0.2383373, -0.15449949, 0.096574664, 0.092800304, 0.26475802, -0.04411309, -0.09200324, 0.11707991, 0.25621486, -0.009989596, 0.17885138, 0.12945603, 0.42620772, -0.097639, -0.0656679, 0.39756703, 0.059763752, -0.21652688]
Q17_2 [0.40781733, 0.036990065, 0.16882251, 0.15387894, -0.2631702, -0.3755072, -0.5123012, -0.24958652, 0.109294005, 0.36680663, 0.065447226, 0.0922565, 0.22595932, 0.45922104, -0.12579122, 0.16200404, -0.0720538, 0.1787297, -0.09252477, -0.0007707562, 0.038808417, 0.19300883, -0.23119691, -0.15670444, 0.09617137, 0.084574826, 0.25413352, -0.05246804, -0.09019459, 0.12737139, 0.26810285, -0.01349626, 0.17208074, 0.13921393, 0.3903802, -0.10095858, -0.06289203, 0.38744068, 0.06130568, -0.22101063]
Q3_5 [0.37855458, 0.019092198, 0.1609771, 0.14989421, -0.24902399, -0.34696987, -0.49994114, -0.26004118, 0.1003288, 0.3512874, 0.05909746, 0.10068191, 0.21905117, 0.4428317, -0.11504109, 0.13213469, -0.051125415, 0.1683909, -0.08108208, 0.008356731, 0.05611889, 0.18366274, -0.21715389, -0.16111496, 0.086407624, 0.09232879, 0.24324092, -0.040947404, -0.06724951, 0.12576422, 0.23845258, -0.0018250268, 0.14733286, 0.13064057, 0.37923956, -0.07595003, -0.055571716, 0.3480207, 0.051728062, -0.2245802]
Q4_3 [0.3815077, 0.013738638, 0.16490133, 0.15707108, -0.2577539, -0.3557128, -0.5056676, -0.24852654, 0.12523301, 0.34504044, 0.08004253, 0.08422349, 0.21934424, 0.4331536, -0.11452411, 0.1288133, -0.06330791, 0.16698945, -0.07009518, -0.017132282, 0.032013875, 0.17720625, -0.20760964, -0.16201356, 0.100533456, 0.09223479, 0.21935526, -0.034795195, -0.06577791, 0.12318034, 0.23322733, 0.003292724, 0.16748668, 0.14420697, 0.39332226, -0.08178944, -0.08043181, 0.3537538, 0.051297285, -0.21106037]
Q17_4 [0.41182512, 0.03928748, 0.1758016, 0.16832685, -0.29391062, -0.39259374, -0.52852285, -0.29443672, 0.11874612, 0.3930055, 0.083805874, 0.10944809, 0.23677519, 0.47495207, -0.11250089, 0.15362473, -0.057678033, 0.15521887, -0.08235237, 0.006380134, 0.045081317, 0.17891975, -0.23920122, -0.1612607, 0.11123531, 0.10596432, 0.24920419, -0.042087782, -0.095187604, 0.12422169, 0.2522298, 0.0034848936, 0.1463094, 0.14367795, 0.43454778, -0.08204118, -0.07861106, 0.39029068, 0.05493213, -0.24377881]
Q5_2 [0.41647428, 0.030136148, 0.14786053, 0.14315479, -0.26434413, -0.36559403, -0.5325393, -0.2653346, 0.13107698, 0.3873826, 0.06380127, 0.10418034, 0.24277142, 0.46592113, -0.1003375, 0.1634422, -0.07039556, 0.15740149, -0.08009498, -0.0048310137, 0.038356703, 0.19518648, -0.23633835, -0.15453967, 0.11405476, 0.084157854, 0.254896, -0.029154044, -0.091638595, 0.1120335, 0.25745982, 0.0072029126, 0.17400277, 0.15329847, 0.40696347, -0.07743013, -0.06250465, 0.36296043, 0.07928321, -0.22582017]
Q4_4 [0.44216225, 0.027057555, 0.1761383, 0.17351505, -0.2916352, -0.39871612, -0.5724793, -0.29862425, 0.113825805, 0.40994477, 0.07746456, 0.10975215, 0.26092792, 0.48232442, -0.1360505, 0.17135961, -0.06802401, 0.18739657, -0.08432027, -0.013676507, 0.056317173, 0.2097089, -0.23067476, -0.16280696, 0.11270721, 0.1063863, 0.26537743, -0.05713393, -0.090837106, 0.14155407, 0.28081274, -0.006262322, 0.18141356, 0.1394633, 0.43088433, -0.10116612, -0.08266551, 0.4124906, 0.083423086, -0.2482436]
Q1_5 [0.35000336, 0.036260977, 0.1305193, 0.15696026, -0.24354193, -0.33269078, -0.47958454, -0.22425798, 0.12063053, 0.33392727, 0.06915604, 0.09701145, 0.23145962, 0.404722, -0.09915013, 0.14575416, -0.062961, 0.15975498, -0.08385315, 0.016580513, 0.04315314, 0.16766143, -0.21760167, -0.14399067, 0.08138147, 0.08724496, 0.2101344, -0.055872258, -0.060815983, 0.11089819, 0.23712078, 0.0011631087, 0.16276033, 0.13514884, 0.3722228, -0.09639784, -0.039395884, 0.35530928, 0.03597457, -0.20091395]
Q2_4 [0.43899328, 0.01800456, 0.18118076, 0.17020644, -0.30594945, -0.42322117, -0.55898815, -0.29729655, 0.12614292, 0.39409065, 0.072313994, 0.118449084, 0.26404825, 0.50383615, -0.14082438, 0.15846984, -0.0707745, 0.1846754, -0.100416, -0.0029232588, 0.05902617, 0.19739465, -0.2513892, -0.19951028, 0.10742444, 0.10171615, 0.2592434, -0.047268886, -0.08143483, 0.12967916, 0.26960406, 0.008167865, 0.17603135, 0.1681922, 0.44093844, -0.099013895, -0.06577582, 0.42277968, 0.07203248, -0.2535529]
Q3_7 [0.47589096, 0.040025003, 0.19044362, 0.18854305, -0.30642232, -0.42938387, -0.5983518, -0.2929268, 0.12551647, 0.43277898, 0.070972666, 0.12432499, 0.26704606, 0.53029174, -0.13669342, 0.1752911, -0.082850024, 0.20163703, -0.09180301, 0.0012417237, 0.048325155, 0.21890177, -0.25847885, -0.19614464, 0.119791836, 0.09567157, 0.28781062, -0.04548259, -0.09482095, 0.14673978, 0.29673374, -0.007503182, 0.18548886, 0.16464111, 0.45762163, -0.09062612, -0.065073535, 0.4474573, 0.07135071, -0.2665699]
Q2_3 [0.40774018, 0.013691709, 0.15593283, 0.15975653, -0.2758021, -0.3684938, -0.5191023, -0.27724323, 0.10975936, 0.35580924, 0.08931283, 0.09329117, 0.24222746, 0.46341115, -0.10943556, 0.15423083, -0.057281595, 0.15861747, -0.060162924, 0.0064129736, 0.037673507, 0.18616112, -0.20466892, -0.17178024, 0.11006359, 0.103201784, 0.2285237, -0.04051616, -0.09144816, 0.11126457, 0.26315886, 0.008306731, 0.16637386, 0.1540322, 0.40191668, -0.09409766, -0.059458222, 0.37931728, 0.06610569, -0.21282564]
Q2_1 [0.42631373, 0.02681882, 0.1820177, 0.17241469, -0.30035308, -0.40185043, -0.56497926, -0.28381485, 0.12408767, 0.4068531, 0.07925813, 0.11809507, 0.2607801, 0.4772803, -0.11130485, 0.16978352, -0.07606962, 0.18668114, -0.08885626, 0.00682353, 0.056982648, 0.19044447, -0.22838311, -0.17367017, 0.091716796, 0.109185025, 0.25251466, -0.049992736, -0.08922564, 0.12826079, 0.26619256, -0.0015338415, 0.17553899, 0.14862213, 0.43413672, -0.08836809, -0.07449948, 0.39712447, 0.056328174, -0.23122025]
Q6_2 [0.4834889, 0.033981744, 0.19783346, 0.19830741, -0.32674888, -0.4514824, -0.6334778, -0.31965354, 0.1310462, 0.42929405, 0.09255488, 0.13358091, 0.28495988, 0.5298388, -0.13815638, 0.17910936, -0.0669854, 0.18709227, -0.092180975, -0.002639721, 0.06431901, 0.20340517, -0.25136188, -0.21112207, 0.11332187, 0.12215964, 0.2850143, -0.059800267, -0.11090378, 0.12827961, 0.30978265, -0.016462347, 0.19899474, 0.1764417, 0.4761543, -0.11420005, -0.08932259, 0.43260872, 0.07617185, -0.26708132]
Q3_6 [0.4893151, 0.020664837, 0.1982316, 0.19070765, -0.31561127, -0.44549942, -0.6114816, -0.29272717, 0.104841426, 0.4365896, 0.08592262, 0.124604754, 0.25925735, 0.527128, -0.14845444, 0.1904222, -0.064075164, 0.21281393, -0.08560476, 0.010476678, 0.040181335, 0.22976716, -0.23805155, -0.17292722, 0.112689234, 0.10098719, 0.28309178, -0.040692378, -0.079282455, 0.14030406, 0.31336755, -0.026424574, 0.2128346, 0.16782238, 0.45807192, -0.09700284, -0.06386157, 0.4358681, 0.08581854, -0.25451878]
Q1_2 [0.44859114, 0.027340673, 0.1699627, 0.16947922, -0.3080779, -0.41142166, -0.57838005, -0.30124056, 0.13661042, 0.4046963, 0.09383159, 0.1160554, 0.25767115, 0.511565, -0.118104644, 0.16829838, -0.06501854, 0.18554194, -0.08915522, -0.011281023, 0.0519625, 0.21154572, -0.24472892, -0.19429201, 0.098829426, 0.093240574, 0.25645947, -0.042720757, -0.10256751, 0.11546949, 0.2725659, -0.008090823, 0.18098547, 0.15984586, 0.4527462, -0.09689937, -0.07369242, 0.4194199, 0.05474644, -0.25835302]
Q2_5 [0.4622744, 0.04574894, 0.16703157, 0.17406371, -0.2922959, -0.40921286, -0.59257936, -0.29806828, 0.121166416, 0.42324877, 0.0710577, 0.11351896, 0.2690835, 0.5039321, -0.11125645, 0.16534987, -0.077624895, 0.18241417, -0.08072765, 0.0124265, 0.056019265, 0.20775758, -0.23848142, -0.18857503, 0.11849339, 0.08925816, 0.27228847, -0.05954193, -0.0841512, 0.12391669, 0.27373338, -0.0076997327, 0.18044281, 0.15062371, 0.45789835, -0.09840832, -0.059080757, 0.42075396, 0.06726886, -0.2329541]
Q3_10 [0.510521, 0.018217701, 0.20150863, 0.20637964, -0.3239915, -0.4700383, -0.64640784, -0.3218083, 0.12142175, 0.44657558, 0.0841123, 0.13283974, 0.29907915, 0.54063153, -0.14560571, 0.197177, -0.08769274, 0.20277716, -0.10620749, -0.008335783, 0.06436857, 0.23713541, -0.25908843, -0.21167189, 0.121824786, 0.11709337, 0.30382827, -0.05626004, -0.10968355, 0.15249443, 0.31718722, -0.004972357, 0.20917347, 0.16887258, 0.4979105, -0.11040792, -0.087262414, 0.45301324, 0.06423199, -0.25634974]
Q3_9 [0.4703914, 0.027364703, 0.20371023, 0.18860735, -0.31012788, -0.45812136, -0.6198307, -0.29465196, 0.11591504, 0.44225392, 0.08517332, 0.13009217, 0.2796415, 0.5402612, -0.13192162, 0.1853058, -0.069209434, 0.20937353, -0.09286965, -0.016789516, 0.055970006, 0.23715387, -0.25779983, -0.2040897, 0.11941971, 0.095895536, 0.28444088, -0.060220815, -0.09667456, 0.1304111, 0.2907654, -0.014423532, 0.19462639, 0.15726556, 0.4633975, -0.11590419, -0.06400306, 0.4549999, 0.08115256, -0.24579506]
Q3_8 [0.44274044, 0.012703702, 0.1817028, 0.17274313, -0.27836958, -0.40780255, -0.56730753, -0.29796708, 0.10014632, 0.39586762, 0.07469155, 0.09793636, 0.2610301, 0.48705202, -0.12626694, 0.17895147, -0.06924557, 0.19230933, -0.08602815, 0.00021410386, 0.061510157, 0.19829454, -0.22638336, -0.18736888, 0.09372652, 0.094974846, 0.26774767, -0.049700078, -0.09970338, 0.12134152, 0.27268887, -0.009196326, 0.1695937, 0.14633207, 0.4174142, -0.08322386, -0.06437992, 0.40667278, 0.06981534, -0.22413844]
Q17_1 [0.46085936, 0.022562493, 0.1936899, 0.17950301, -0.3147872, -0.4412869, -0.6072689, -0.29177582, 0.1260377, 0.43429908, 0.09248105, 0.10787989, 0.28228325, 0.523819, -0.14363639, 0.16139977, -0.069602415, 0.18521571, -0.09741009, 0.012557362, 0.05162001, 0.20409992, -0.26607174, -0.20150404, 0.10052989, 0.106749974, 0.27084234, -0.04511622, -0.098935165, 0.1282917, 0.30365646, 0.0072007123, 0.1980249, 0.17141433, 0.45149806, -0.1129209, -0.06514655, 0.44435132, 0.06615758, -0.24747223]
Q17_3 [0.42749786, 0.014737409, 0.1847317, 0.17900184, -0.29276934, -0.40740055, -0.5500275, -0.26056632, 0.10302613, 0.37845975, 0.06805404, 0.100365005, 0.23598135, 0.4869824, -0.12821336, 0.17019077, -0.062795885, 0.19555794, -0.0952114, -0.0014097702, 0.038485005, 0.21445704, -0.22735368, -0.17425188, 0.08955907, 0.085303545, 0.26458326, -0.055425446, -0.084494084, 0.118252456, 0.2713707, -0.021451216, 0.18334347, 0.14328142, 0.40804276, -0.10136118, -0.0649478, 0.39786246, 0.06387592, -0.2329036]
Q1_1 [0.41575286, 0.03540035, 0.15944238, 0.16161054, -0.27182597, -0.391448, -0.5225862, -0.2575065, 0.1164584, 0.37122908, 0.08182079, 0.111306936, 0.24719246, 0.47114858, -0.102744654, 0.15195908, -0.060715143, 0.18273567, -0.068294525, 0.011361693, 0.041018892, 0.18342324, -0.22980604, -0.15990095, 0.09162623, 0.09744781, 0.24040051, -0.04993689, -0.081013516, 0.11203919, 0.26338118, -0.0006050326, 0.16023906, 0.14247423, 0.41520336, -0.09084419, -0.062363263, 0.38980916, 0.06481203, -0.22796546]
Q1_3 [0.40348482, 0.020385904, 0.16268758, 0.16131827, -0.26519454, -0.3634314, -0.5093828, -0.2486554, 0.11721146, 0.375457, 0.056924947, 0.10868789, 0.22679211, 0.44944113, -0.113566145, 0.15849149, -0.06999112, 0.17930183, -0.06876486, 0.0031001417, 0.041670978, 0.18864453, -0.22166239, -0.16441724, 0.09241631, 0.09729821, 0.2480976, -0.046274066, -0.07939447, 0.121399514, 0.26009327, -0.0079572005, 0.16859104, 0.15150341, 0.3822216, -0.08619988, -0.048576664, 0.3863327, 0.043627586, -0.22398274]
Q4_2 [0.4148884, 0.0144135505, 0.1704308, 0.1634941, -0.25839397, -0.36992517, -0.51720697, -0.26567486, 0.11849188, 0.38153893, 0.0705835, 0.09379188, 0.21922281, 0.4406133, -0.1253805, 0.1408968, -0.07318811, 0.15530927, -0.07317794, -0.0013828411, 0.02828996, 0.19906111, -0.22935031, -0.15892729, 0.085140474, 0.08343868, 0.2493683, -0.028184945, -0.08224077, 0.119976506, 0.24327366, -0.014712505, 0.15503357, 0.13286111, 0.4008382, -0.08247753, -0.06322011, 0.37805057, 0.06437484, -0.23873991]
Q7_2 [0.48620087, 0.03678783, 0.20240904, 0.17526904, -0.30716848, -0.4560518, -0.6296847, -0.32249054, 0.135795, 0.4490192, 0.08458986, 0.122092694, 0.29195738, 0.5247365, -0.15007289, 0.16967662, -0.07435352, 0.19092238, -0.09181283, 0.005187292, 0.06545605, 0.2118228, -0.26931393, -0.19262633, 0.120227724, 0.10132137, 0.29292217, -0.05342311, -0.11249654, 0.12702584, 0.3043315, -0.014803173, 0.18443255, 0.15228562, 0.4687954, -0.09426188, -0.06895832, 0.45641395, 0.083690144, -0.2708171]
Q1_4 [0.41586614, 0.041557137, 0.16523898, 0.17698441, -0.27314466, -0.38411546, -0.5430255, -0.2661708, 0.11911628, 0.39326254, 0.06643511, 0.1181848, 0.2556048, 0.4618946, -0.11181571, 0.15308504, -0.07806695, 0.17426755, -0.08911087, -0.01013497, 0.056574814, 0.20059736, -0.23996839, -0.16045561, 0.096217655, 0.09429633, 0.24591252, -0.051933616, -0.07801657, 0.10710117, 0.25792024, -0.01221312, 0.17711216, 0.1545089, 0.40978822, -0.09723045, -0.06684231, 0.38777247, 0.06568617, -0.22919695]
Q3_11 [0.4342434, 0.017060721, 0.17775795, 0.17506365, -0.29064143, -0.3926058, -0.5470059, -0.26877177, 0.107149854, 0.39698938, 0.068161905, 0.1125284, 0.2534553, 0.46367243, -0.11489245, 0.16530031, -0.057882555, 0.19504331, -0.0916254, 0.016506465, 0.03818094, 0.19514205, -0.22698785, -0.15404777, 0.10905928, 0.0893111, 0.24834189, -0.0481574, -0.06917901, 0.12624855, 0.26737317, -0.02509973, 0.18509938, 0.16145273, 0.42168576, -0.09277278, -0.05654772, 0.4036395, 0.08034888, -0.22636166]
Q5_4 [0.4499274, 0.039361008, 0.17298883, 0.1678159, -0.31429943, -0.4407567, -0.58559465, -0.3036645, 0.12178329, 0.41461167, 0.070111595, 0.1250557, 0.27516624, 0.5109197, -0.13834913, 0.1701829, -0.06970349, 0.19964467, -0.0916507, -0.006406654, 0.049550794, 0.20438614, -0.263064, -0.19095044, 0.12562162, 0.098122366, 0.28955466, -0.055359513, -0.09731028, 0.1455674, 0.2802607, -0.00591478, 0.17887051, 0.17253731, 0.45452896, -0.09157536, -0.07969498, 0.44367015, 0.074603684, -0.2384109]
Q5_1 [0.36082062, 0.01755081, 0.14471126, 0.13595386, -0.23774302, -0.34853524, -0.47029665, -0.24667282, 0.10027521, 0.34961793, 0.05490256, 0.102721095, 0.22232264, 0.41135082, -0.093638875, 0.14717841, -0.056329682, 0.13295345, -0.063823916, 0.013372442, 0.040391, 0.15791887, -0.19215785, -0.14226572, 0.08477541, 0.08327745, 0.22676983, -0.024007557, -0.08139507, 0.10193817, 0.2181984, 0.0016709723, 0.14946175, 0.13149618, 0.3790524, -0.06942126, -0.052191067, 0.3438415, 0.054831803, -0.19552709]
Q4_1 [0.27574795, 0.027087487, 0.106097326, 0.10071929, -0.18545236, -0.25749472, -0.36881077, -0.180395, 0.08413736, 0.2541449, 0.04071375, 0.06723083, 0.1644797, 0.32443726, -0.07307221, 0.11284331, -0.0489184, 0.12354594, -0.04294875, -0.0071780584, 0.037585765, 0.12634394, -0.16226344, -0.11505719, 0.06637861, 0.072420865, 0.15597232, -0.021025905, -0.06425924, 0.084586404, 0.18494661, -0.010381455, 0.116350204, 0.09671001, 0.28199196, -0.06935916, -0.044094373, 0.25254703, 0.031235522, -0.14604105]
Q3_12 [0.22509038, 0.006641352, 0.08402622, 0.10022803, -0.15668255, -0.21891546, -0.29119283, -0.15764505, 0.07541223, 0.21735486, 0.034756836, 0.06663193, 0.14533047, 0.26796478, -0.054995343, 0.09691735, -0.027937101, 0.087882176, -0.052077554, -0.0025554216, 0.033720966, 0.10675594, -0.13347255, -0.095122874, 0.06555931, 0.04510755, 0.12949456, -0.033386983, -0.04671561, 0.06097836, 0.1439041, 0.007532215, 0.08302961, 0.070373334, 0.23921217, -0.045343008, -0.028855326, 0.221421, 0.030532809, -0.13492852]
