Q7_1 [-0.25077045, 0.17229746, -0.12458487, 0.16980459, 0.054258958, 0.073803276, 0.27072048, -0.13466881, -0.0805489, 0.5288837, -0.23520726, -0.1367308, -0.12781203, 0.14116058, -0.020918371, -0.20210007, -0.38158095, -0.35144392, 0.004337925, 0.33201155, 0.05019678, -0.03660651, -0.07602431, -0.18835215, -0.08754828, 0.10777522, -0.21941146, -0.2612194, 0.016634073, -0.07930044, -0.0033812916, -0.047972213, 0.22751051, -0.082812645, 0.18777642, -0.21820152, 0.13292517, 0.12723322, 0.0674432, 0.20359434]
Q6_1 [-0.28066593, 0.17951323, -0.11342376, 0.1604836, 0.08657823, 0.06510403, 0.3213163, -0.13988091, -0.060041588, 0.6084996, -0.26833972, -0.12673095, -0.16625156, 0.10763794, -0.021777429, -0.2190102, -0.41533062, -0.39094886, -0.018603858, 0.3626288, 0.06148871, -0.024035284, -0.08774359, -0.1923451, -0.06698976, 0.15765943, -0.21786934, -0.31215915, 0.0072230143, -0.076405846, -0.012236562, -0.0625517, 0.2879872, -0.04916581, 0.16984072, -0.24232206, 0.13208623, 0.14802806, 0.06512906, 0.22047855]
Q3_3 [-0.25442934, 0.18726109, -0.10877188, 0.12741339, 0.07494916, 0.06992822, 0.30949718, -0.11982566, -0.054613277, 0.5682462, -0.24737269, -0.13376772, -0.17178826, 0.1073932, -0.002857098, -0.22730632, -0.38736746, -0.38703072, -0.010611416, 0.3314874, 0.06548055, -0.025641885, -0.105584055, -0.19121532, -0.079453476, 0.15273368, -0.2193449, -0.31707022, -0.018449223, -0.06720114, 0.009928855, -0.037482798, 0.28479865, -0.04895249, 0.16255082, -0.24490426, 0.12816821, 0.133663, 0.046069313, 0.20371439]
Q3_1 [-0.27077764, 0.1809716, -0.12757431, 0.16228245, 0.07378615, 0.051458824, 0.28491214, -0.13230051, -0.05737801, 0.5696172, -0.23688172, -0.13536024, -0.1524418, 0.10653119, -0.018221334, -0.21067835, -0.40676638, -0.3765924, -0.0054510366, 0.33839682, 0.062864415, -0.045070797, -0.07568964, -0.1968884, -0.06268052, 0.13147584, -0.21939439, -0.2927547, 0.0027729939, -0.076747455, -0.01644116, -0.058287386, 0.2802423, -0.059408966, 0.16642073, -0.23555544, 0.11441579, 0.12763344, 0.054361835, 0.21451053]
Q3_4 [-0.26743907, 0.2013194, -0.12043052, 0.1359107, 0.07227123, 0.08438805, 0.3063512, -0.12208196, -0.053368915, 0.57309866, -0.25615057, -0.12401084, -0.16159281, 0.13377137, -0.014527595, -0.22489737, -0.37490806, -0.36642727, 0.016583094, 0.3382989, 0.06924672, -0.017907662, -0.08065315, -0.1918894, -0.07614839, 0.14310724, -0.2097301, -0.32371587, 0.0044475733, -0.08354628, -0.0024970446, -0.04158599, 0.26847488, -0.063399665, 0.17809507, -0.23628394, 0.11012034, 0.15620482, 0.05378933, 0.2272006]
Q3_2 [-0.29059723, 0.2175537, -0.11843124, 0.1722965, 0.07642619, 0.085540384, 0.31803638, -0.1382786, -0.07799621, 0.60577166, -0.28562286, -0.13289253, -0.15935719, 0.15488906, -0.00706436, -0.25174978, -0.43911055, -0.41006368, -0.0074669803, 0.3681539, 0.07140959, -0.045702685, -0.099170834, -0.19258016, -0.08311983, 0.1354708, -0.23911193, -0.34019762, -0.0053281495, -0.08603717, -0.0079905195, -0.04882093, 0.280882, -0.06259991, 0.20479625, -0.24010597, 0.14693542, 0.1663615, 0.08514207, 0.23596491]
Q2_2 [-0.29281926, 0.21500245, -0.120859444, 0.14918856, 0.06771125, 0.07716396, 0.32563165, -0.14381997, -0.06653856, 0.60618323, -0.27574775, -0.13783234, -0.16076836, 0.13682593, 0.0050345883, -0.23013261, -0.43539017, -0.38553542, 0.013330599, 0.37553838, 0.06393831, -0.045481738, -0.08712845, -0.20942862, -0.07210643, 0.14858086, -0.23836812, -0.34624362, 0.009935614, -0.09314514, -0.010314965, -0.061865497, 0.28230372, -0.07934518, 0.18662879, -0.2463599, 0.14204858, 0.166956, 0.07949423, 0.24644172]
Q8_2 [-0.2847149, 0.21101634, -0.117614396, 0.17848678, 0.068958595, 0.08882189, 0.3004026, -0.1496407, -0.0682336, 0.59189725, -0.28036758, -0.1432433, -0.17086172, 0.14900175, -0.008948403, -0.23899983, -0.40439412, -0.3733191, -0.004202748, 0.3576998, 0.07602313, -0.028474206, -0.07305846, -0.19398572, -0.092563435, 0.13633488, -0.21105349, -0.32615846, 0.014632527, -0.095932595, 0.0096727265, -0.0700664, 0.27977088, -0.058306262, 0.19404209, -0.24615213, 0.12318763, 0.16206895, 0.081839584, 0.22361587]
Q5_3 [-0.26921213, 0.20097075, -0.101699, 0.15313351, 0.062174123, 0.06589112, 0.29525575, -0.1365854, -0.0720096, 0.5585947, -0.26765215, -0.12964201, -0.15805858, 0.11853348, -0.0073488997, -0.23045325, -0.39380404, -0.3767531, 0.017009243, 0.34427917, 0.06720758, -0.03150198, -0.10249537, -0.1743428, -0.09133152, 0.13817711, -0.21221772, -0.31762397, -0.0011291642, -0.07783673, -0.00736666, -0.0657159, 0.27318802, -0.0790696, 0.18432459, -0.23594277, 0.1150298, 0.15534155, 0.067390025, 0.2214377]
Q8_1 [-0.27019852, 0.19171625, -0.1307112, 0.15862356, 0.07470253, 0.06710048, 0.34203258, -0.16197786, -0.06381316, 0.6270666, -0.28566223, -0.1384861, -0.17542306, 0.14782949, -0.0072394777, -0.24648806, -0.43459764, -0.41167536, 0.0077266595, 0.37438288, 0.0798073, -0.027040433, -0.09985115, -0.21836002, -0.089277364, 0.1637017, -0.22648242, -0.3437927, 0.011455648, -0.08535473, 0.008484801, -0.06776109, 0.30417007, -0.057725925, 0.18723862, -0.24736647, 0.14237925, 0.15089612, 0.061488222, 0.2409643]
Q17_2 [-0.25510305, 0.18504538, -0.13546148, 0.17198996, 0.07322685, 0.06912703, 0.2946036, -0.14126623, -0.068368845, 0.5944236, -0.27237877, -0.14691605, -0.1588915, 0.12690774, -0.020294482, -0.22680272, -0.42268762, -0.3928839, -0.011192303, 0.36560103, 0.064194456, -0.046748213, -0.080481954, -0.18684973, -0.08923048, 0.13818246, -0.24513388, -0.3076067, 0.0010046873, -0.08488649, -0.0008594903, -0.045740053, 0.26587728, -0.06603627, 0.18976131, -0.235893, 0.13697548, 0.13493274, 0.07785505, 0.21573891]
Q3_5 [-0.2856312, 0.18973516, -0.11351954, 0.14862671, 0.06370129, 0.059279606, 0.3050949, -0.13832809, -0.05803375, 0.6028629, -0.27737874, -0.12022231, -0.1716775, 0.13308096, -0.0025158278, -0.23824497, -0.40867302, -0.40080506, -0.00017327795, 0.3551561, 0.053649608, -0.012842941, -0.098693036, -0.20860195, -0.07128622, 0.14929235, -0.21609685, -0.33762085, -0.004402203, -0.07846296, -0.004767771, -0.05142013, 0.29172236, -0.0673919, 0.16876657, -0.255196, 0.1254931, 0.16107123, 0.063377574, 0.2246976]
Q4_3 [-0.2725621, 0.18315324, -0.11388719, 0.17908444, 0.06633658, 0.078052856, 0.2817136, -0.15296614, -0.061419394, 0.5806701, -0.27023274, -0.13190055, -0.16431697, 0.13948424, 0.006798807, -0.21716022, -0.40759116, -0.3883692, 0.0068209376, 0.33493155, 0.06908713, -0.045135587, -0.09120269, -0.18956873, -0.090494506, 0.14350235, -0.24256413, -0.3114847, -0.0098949205, -0.08436739, -0.0074926973, -0.051717274, 0.26695, -0.06665324, 0.18626392, -0.24597426, 0.1236924, 0.15054825, 0.05623113, 0.1996532]
Q17_4 [-0.28151876, 0.2037629, -0.15253007, 0.15381889, 0.06563293, 0.0791295, 0.3610202, -0.15227143, -0.05927487, 0.63378704, -0.29005015, -0.1257471, -0.16216697, 0.13161069, -0.027840583, -0.24968842, -0.45368713, -0.42951733, -0.0066600926, 0.3751087, 0.05618366, -0.028488666, -0.097246595, -0.20859322, -0.07280117, 0.171562, -0.25813285, -0.34977484, 0.0038614096, -0.09255416, 0.007511865, -0.049570166, 0.3073275, -0.059997123, 0.19774894, -0.25583342, 0.1369619, 0.1699537, 0.068424016, 0.25005904]
Q5_2 [-0.26932243, 0.217669, -0.115168646, 0.16002424, 0.063184716, 0.052853186, 0.32513666, -0.14601168, -0.07632402, 0.6271474, -0.28080007, -0.11842188, -0.16239877, 0.10886598, -0.0061983494, -0.22840464, -0.43718356, -0.41565093, 0.018182673, 0.37862167, 0.05048883, -0.013121432, -0.11420437, -0.21428041, -0.090868466, 0.16576447, -0.22800732, -0.33118576, -0.007282044, -0.07627354, -0.0041441326, -0.069658965, 0.28568646, -0.079099104, 0.19613564, -0.2529144, 0.11966709, 0.14653566, 0.06542569, 0.23544541]
Q4_4 [-0.2745044, 0.21278508, -0.14074801, 0.17841479, 0.07689165, 0.05974442, 0.33852732, -0.16212568, -0.06309903, 0.6284933, -0.28398505, -0.12509626, -0.15524004, 0.14851643, 0.004082658, -0.22316907, -0.4229581, -0.39695886, -0.0024808457, 0.37336653, 0.056239378, -0.04263334, -0.097964115, -0.20719108, -0.08388839, 0.15007606, -0.2273478, -0.32897225, 0.0059364955, -0.10300322, 0.0044048117, -0.057778306, 0.28961578, -0.077932045, 0.19607116, -0.25942564, 0.14575592, 0.16066743, 0.08229635, 0.22384536]
Q1_5 [-0.25209907, 0.18501516, -0.12171302, 0.16968778, 0.062864944, 0.07980462, 0.32506093, -0.14189515, -0.08084082, 0.5993914, -0.24765825, -0.1503829, -0.15638082, 0.13557164, 0.0079516135, -0.23302136, -0.4354396, -0.37518096, -0.0013345766, 0.3606555, 0.060657784, -0.03464631, -0.089317076, -0.1808518, -0.08827748, 0.15196301, -0.22178933, -0.29844448, 0.0066441395, -0.08746613, -0.006819269, -0.046490557, 0.28192997, -0.0760843, 0.18035534, -0.2462209, 0.13770013, 0.13103582, 0.06484317, 0.23703238]
Q2_4 [-0.27187374, 0.20841843, -0.12733617, 0.16177729, 0.07262577, 0.074261665, 0.3209231, -0.135581, -0.08014936, 0.6054975, -0.2632749, -0.14042012, -0.17318083, 0.11980246, 0.0011006955, -0.22920418, -0.42146212, -0.40404427, 0.004850523, 0.35265055, 0.0609186, -0.021346258, -0.09744667, -0.18502444, -0.09516094, 0.13372886, -0.24639973, -0.32935795, 0.0022620102, -0.08371858, -2.272359e-05, -0.05022627, 0.27169937, -0.0653898, 0.18964429, -0.24673298, 0.13351882, 0.153589, 0.061484326, 0.23689786]
Q3_7 [-0.29786882, 0.2299498, -0.15340894, 0.20730202, 0.075138696, 0.08628427, 0.36870995, -0.16244036, -0.08934719, 0.686621, -0.31406453, -0.15026203, -0.17773275, 0.15875615, -0.011572042, -0.26167318, -0.4944733, -0.42953232, 0.007127457, 0.4247946, 0.08195674, -0.038712494, -0.11366929, -0.22393247, -0.09751157, 0.17973335, -0.27737713, -0.3710628, 0.00034326164, -0.11309782, -0.012265948, -0.08119675, 0.3249015, -0.08835649, 0.206937, -0.28301883, 0.15071152, 0.1793503, 0.092767164, 0.24737403]
Q2_3 [-0.27757543, 0.21535677, -0.13320054, 0.18037479, 0.06256531, 0.07685092, 0.36290878, -0.16708967, -0.085480586, 0.64948964, -0.30730665, -0.15356745, -0.17038648, 0.15206948, -0.0052235634, -0.24432385, -0.46730787, -0.41705877, 0.016026432, 0.37878618, 0.078161635, -0.042078774, -0.102586865, -0.22716817, -0.08914202, 0.1720842, -0.24231175, -0.35985464, 0.007060062, -0.08942751, -0.012983785, -0.06748369, 0.302085, -0.084827825, 0.1908067, -0.27115986, 0.12959123, 0.177958, 0.09221693, 0.25263205]
Q2_1 [-0.2835336, 0.23051673, -0.13841124, 0.17041467, 0.08062568, 0.06850165, 0.35478684, -0.16157153, -0.08016792, 0.66929567, -0.3005741, -0.15672037, -0.18272798, 0.15271685, 0.003113778, -0.26353928, -0.45594013, -0.41634673, 0.009780079, 0.3867831, 0.07414816, -0.029489765, -0.10973381, -0.22983027, -0.08049873, 0.15728167, -0.25369737, -0.35408258, 0.0030084134, -0.101201266, -0.010249152, -0.067419745, 0.30793595, -0.07145966, 0.19433866, -0.27278116, 0.1427708, 0.16884315, 0.08675109, 0.2614555]
Q6_2 [-0.30302197, 0.23494701, -0.14132927, 0.1740288, 0.088436306, 0.08752488, 0.36829188, -0.17119321, -0.07557917, 0.6770076, -0.2979457, -0.15017824, -0.16592711, 0.15982766, 0.0042100213, -0.24503806, -0.47914878, -0.42507315, -0.007972908, 0.41795826, 0.06431934, -0.044352442, -0.08845887, -0.23269062, -0.09325204, 0.15512127, -0.2681146, -0.3642181, 0.016439108, -0.096910805, 0.004148706, -0.08094559, 0.30793285, -0.08613228, 0.19310288, -0.2709692, 0.1425092, 0.17641984, 0.079873115, 0.2616545]
Q3_6 [-0.28908044, 0.23554842, -0.13947706, 0.17948928, 0.073594205, 0.06356922, 0.37887484, -0.16769023, -0.1020261, 0.67104346, -0.31059417, -0.15965323, -0.18669292, 0.14448705, 0.012191311, -0.24595422, -0.47420657, -0.41558447, 0.021456126, 0.40038535, 0.07314388, -0.057917204, -0.092555165, -0.21467692, -0.11144488, 0.1742419, -0.25586194, -0.3677904, -0.0061345943, -0.09531544, 0.0039166426, -0.080222085, 0.32667452, -0.07159009, 0.20763442, -0.28688097, 0.14918914, 0.17656489, 0.08747566, 0.24999806]
Q1_2 [-0.29282242, 0.21546867, -0.1501081, 0.19480313, 0.07062429, 0.08510122, 0.38051128, -0.17063102, -0.09000972, 0.683049, -0.298222, -0.14799276, -0.19104691, 0.14274965, -0.014639675, -0.24590412, -0.47085956, -0.43082133, 0.010528634, 0.39976802, 0.0801188, -0.04567103, -0.08821227, -0.2305092, -0.10882576, 0.1738638, -0.26850313, -0.35327113, -0.0014879606, -0.10312043, -0.011873941, -0.05892766, 0.30615443, -0.08673897, 0.22286409, -0.27763286, 0.1631315, 0.18270361, 0.081556, 0.2655124]
Q2_5 [-0.28776965, 0.20755479, -0.13717858, 0.16780312, 0.081169695, 0.063575685, 0.37318498, -0.17003593, -0.08980784, 0.68229705, -0.2859487, -0.14225623, -0.16689485, 0.14111099, 0.0042485474, -0.25990516, -0.4836144, -0.433445, 0.01610889, 0.41241446, 0.06173049, -0.04112471, -0.11332647, -0.22136894, -0.0978668, 0.15734378, -0.2700581, -0.35462978, -0.0062868316, -0.09877041, 0.003453497, -0.0575791, 0.30419275, -0.09084509, 0.21142137, -0.26048833, 0.15237351, 0.16413873, 0.06463223, 0.25624162]
Q3_10 [-0.3197141, 0.24901468, -0.16107637, 0.20512336, 0.08902226, 0.07093533, 0.38233784, -0.16293101, -0.09452376, 0.68293923, -0.31167585, -0.16099691, -0.17707084, 0.15431036, 0.0009499447, -0.2657309, -0.48980966, -0.42507145, 0.0074869534, 0.4116165, 0.073809475, -0.047839466, -0.110362396, -0.22698581, -0.10712599, 0.15703325, -0.27903387, -0.37183693, 0.014287526, -0.110681415, -0.009363245, -0.07303237, 0.3074731, -0.07766629, 0.2123864, -0.27107337, 0.16500066, 0.18001199, 0.10142911, 0.26541418]
Q3_9 [-0.31314555, 0.24604733, -0.15704642, 0.20602804, 0.07527066, 0.076665655, 0.3833185, -0.17149991, -0.09368191, 0.7156729, -0.315503, -0.16880894, -0.18395907, 0.17104213, 0.008807493, -0.26846057, -0.5017162, -0.45739126, 0.0022552358, 0.43738353, 0.073668234, -0.03417805, -0.10511799, -0.24780239, -0.09847521, 0.1763417, -0.29100826, -0.38857436, -0.0039582397, -0.11289914, -0.012730103, -0.066874586, 0.324212, -0.092456624, 0.22536688, -0.28244588, 0.16747092, 0.19076943, 0.09616842, 0.26308104]
Q3_8 [-0.3147717, 0.22632365, -0.15735194, 0.18509138, 0.086060196, 0.08906972, 0.39865714, -0.17865573, -0.097752646, 0.71875197, -0.3031518, -0.15015152, -0.18682837, 0.16479029, -0.010734387, -0.27131763, -0.51443976, -0.45760134, -0.0031496685, 0.4335155, 0.077606335, -0.044470318, -0.09831274, -0.23607129, -0.10789989, 0.17856964, -0.28379512, -0.39027858, 0.009181272, -0.11675611, -0.010072169, -0.078933135, 0.32897213, -0.08610784, 0.21000695, -0.28912908, 0.15118848, 0.17728227, 0.089642815, 0.27609652]
Q17_1 [-0.3065003, 0.22462809, -0.15188214, 0.1926948, 0.08356349, 0.0638634, 0.3900773, -0.18136737, -0.095201194, 0.7020851, -0.30344307, -0.1589486, -0.17061388, 0.13798374, -0.00484927, -0.26363027, -0.48938072, -0.47668928, 0.0010003862, 0.42256743, 0.063482866, -0.023106705, -0.116677135, -0.24667835, -0.09385749, 0.1807596, -0.29370958, -0.37148216, -0.009703706, -0.08909543, 0.0026332126, -0.05730624, 0.32498974, -0.093093, 0.20634377, -0.29519066, 0.15248325, 0.18786132, 0.0827815, 0.2651271]
Q17_3 [-0.31994328, 0.23953845, -0.13746604, 0.20610416, 0.07182518, 0.08394362, 0.35821387, -0.17788266, -0.0744535, 0.66806316, -0.29795825, -0.14871033, -0.18466684, 0.1744947, -0.0042118654, -0.24683079, -0.47264764, -0.42308205, 0.01587103, 0.40252388, 0.08708683, -0.042696904, -0.08714877, -0.22489934, -0.10767766, 0.1606659, -0.2516433, -0.36508837, -0.00051805686, -0.11158389, 0.008016101, -0.085547894, 0.3189573, -0.06908324, 0.20311533, -0.2905154, 0.14524856, 0.18793096, 0.08504538, 0.24558115]
Q1_1 [-0.26934144, 0.20074627, -0.11867459, 0.15665136, 0.07179987, 0.073688135, 0.33470348, -0.13825877, -0.07580561, 0.6252344, -0.27643982, -0.14772074, -0.1706762, 0.14130107, -0.011427015, -0.24142575, -0.4463391, -0.3950167, 0.0139995655, 0.3734181, 0.06743416, -0.025007853, -0.104926385, -0.19920032, -0.08998674, 0.16369078, -0.24448499, -0.32193965, 0.0016579116, -0.09642787, 0.009158011, -0.04276516, 0.28711095, -0.06272074, 0.19081418, -0.2556174, 0.14040302, 0.14633752, 0.06905937, 0.24228275]
Q1_3 [-0.2734748, 0.20012493, -0.14130317, 0.1614334, 0.07782158, 0.07664272, 0.32424104, -0.14380945, -0.08059764, 0.6045148, -0.2568458, -0.14458394, -0.14928463, 0.14125869, 0.010048946, -0.22819094, -0.43265134, -0.38224244, -0.005423195, 0.35854092, 0.073703095, -0.04330034, -0.07904342, -0.19618085, -0.08359362, 0.14704266, -0.22890656, -0.31180105, 0.014251265, -0.07825296, 0.003127831, -0.06354408, 0.2843106, -0.08347739, 0.18707857, -0.24639052, 0.13783966, 0.14360109, 0.083588876, 0.2418785]
Q4_2 [-0.3067209, 0.23127764, -0.13698255, 0.16858187, 0.06738592, 0.081832424, 0.33151373, -0.16425389, -0.06440569, 0.648597, -0.2889856, -0.14700297, -0.16021417, 0.15660316, -0.005806375, -0.25121793, -0.43906823, -0.41291654, 0.007383124, 0.39207733, 0.07162898, -0.019336961, -0.10575751, -0.2206389, -0.09221346, 0.15345018, -0.2587849, -0.36471182, 0.009598501, -0.08488958, 0.0029117658, -0.066322386, 0.2952092, -0.087625034, 0.19558439, -0.27334857, 0.15416986, 0.17884715, 0.09299497, 0.25282046]
Q7_2 [-0.3324087, 0.25827238, -0.15601037, 0.2114094, 0.09325584, 0.075417265, 0.38511685, -0.1701034, -0.09745235, 0.7338122, -0.33015683, -0.17075449, -0.17411357, 0.17397036, 0.005350403, -0.28599942, -0.49622178, -0.45685762, -0.0024151588, 0.43834567, 0.06189242, -0.0514504, -0.10768473, -0.24258004, -0.10068651, 0.17643252, -0.2852682, -0.37983927, 0.014218623, -0.09630618, 0.0010016088, -0.08500366, 0.31904125, -0.07623852, 0.22154966, -0.28674528, 0.17017385, 0.19001184, 0.08254898, 0.28802237]
Q1_4 [-0.29641452, 0.22055322, -0.15965043, 0.19115278, 0.08105318, 0.07450845, 0.3775536, -0.15130693, -0.10156173, 0.69315654, -0.30141526, -0.14942613, -0.17623253, 0.14704628, 0.0066277166, -0.26216242, -0.48554802, -0.44131303, 0.0018352215, 0.42606238, 0.06430601, -0.043347422, -0.09375993, -0.2356154, -0.11329274, 0.17959633, -0.26943055, -0.34952927, -0.0012153123, -0.116110966, -0.011631629, -0.06313067, 0.31792265, -0.09130888, 0.2133392, -0.26980916, 0.15912974, 0.1854969, 0.09142351, 0.25759974]
Q3_11 [-0.3165647, 0.23947564, -0.14735408, 0.18948598, 0.07388942, 0.06831928, 0.3843097, -0.17629783, -0.081602514, 0.7189265, -0.29820228, -0.15338707, -0.17106426, 0.166211, 0.0082586715, -0.27392414, -0.49343312, -0.43724927, 0.012668418, 0.41220587, 0.08348643, -0.032744166, -0.11690893, -0.23170926, -0.10352213, 0.18642554, -0.2654818, -0.3776321, 0.013873493, -0.095941044, 0.006339742, -0.08316439, 0.3423705, -0.09141071, 0.20286839, -0.30141833, 0.16347978, 0.1800745, 0.09975465, 0.25845516]
Q5_4 [-0.32975212, 0.26478168, -0.16867179, 0.2060021, 0.095445864, 0.071665354, 0.38492957, -0.17341961, -0.09870564, 0.729644, -0.33688742, -0.16753194, -0.18254377, 0.15289588, 0.009869591, -0.26990318, -0.50272274, -0.47439834, 0.003998246, 0.44870886, 0.06743487, -0.032733157, -0.121842474, -0.23745547, -0.11725136, 0.18558802, -0.29718983, -0.39207694, -0.0075321207, -0.10524109, 0.002715907, -0.08829046, 0.32500094, -0.09176437, 0.21611355, -0.30303168, 0.16682048, 0.19477229, 0.10531696, 0.2726547]
Q5_1 [-0.24899766, 0.18419868, -0.12794495, 0.15731207, 0.063056566, 0.0647283, 0.3173984, -0.15123467, -0.07092522, 0.58582175, -0.24597265, -0.123689465, -0.14276516, 0.11558762, 0.0028920716, -0.21920106, -0.41120842, -0.35735565, 0.007934017, 0.348558, 0.06610506, -0.022255503, -0.101652086, -0.18526672, -0.07852534, 0.15754981, -0.23277971, -0.3108017, 0.0015270909, -0.072368026, -0.01303585, -0.055132292, 0.27662036, -0.064173505, 0.16423452, -0.2245005, 0.11872664, 0.15972582, 0.08554418, 0.21135822]
Q4_1 [-0.2125627, 0.17169642, -0.1061548, 0.14791554, 0.051988598, 0.054572597, 0.27077052, -0.113726184, -0.06811603, 0.4882261, -0.22232877, -0.10866822, -0.12005795, 0.09890278, -0.0047881445, -0.19232616, -0.33819473, -0.30728692, -0.0063423226, 0.29575536, 0.050643306, -0.03680366, -0.06900456, -0.1619286, -0.079235114, 0.12850295, -0.18126412, -0.26463622, -0.0062020286, -0.06950127, 0.008795165, -0.04629162, 0.21644756, -0.06443338, 0.1431295, -0.20448603, 0.10440835, 0.1258923, 0.07054591, 0.18029073]
Q3_12 [-0.13230243, 0.113424435, -0.059302565, 0.08609022, 0.023905579, 0.024596121, 0.16974457, -0.06454293, -0.025969123, 0.31360716, -0.12980853, -0.074410416, -0.079551086, 0.07146521, -0.009787303, -0.117571175, -0.21067886, -0.19236705, 0.013279996, 0.18197682, 0.041234024, -0.010039932, -0.05761272, -0.10909222, -0.03276373, 0.08351269, -0.10870526, -0.16869746, 0.007322854, -0.032028507, 0.0066571687, -0.037890624, 0.13069914, -0.037001632, 0.08633102, -0.1271501, 0.061886203, 0.07874939, 0.024757907, 0.11655953]
