Q7_1 [0.23891127, -0.4259502, 0.25885892, 0.14810424, -0.01878346, 0.35362, 0.12170253, 0.3474304, -0.19083616, 0.28805086, -0.19017272, 0.25283247, 0.26997402, 0.08780022, 0.0064267763, -0.2468799, -0.0130816735, 0.1361028, 0.20734595, 0.21201935, -0.38276774, 0.29032904, 0.1954868, 0.047898505, 0.026950814, 0.13869868, 0.2437666, -0.009932842, -0.028056504, -0.3115801, -0.041969515, -0.078148186, -0.16602157, 0.25940907, 0.010515886, -0.057855763, -0.1931886, -0.17351195, -0.24246703, -0.4749744]
Q6_1 [0.24278986, -0.45631835, 0.26265982, 0.1929674, -0.01251796, 0.39094582, 0.12992601, 0.3362637, -0.20049578, 0.27752122, -0.20588788, 0.23579347, 0.26433423, 0.08293063, 0.029032981, -0.22737896, -0.0471769, 0.121466085, 0.23006384, 0.20040597, -0.3717237, 0.34181637, 0.19153784, 0.06885454, 0.026874125, 0.15824176, 0.25856975, -0.01655184, -0.0064338115, -0.3009055, -0.06433552, -0.080046386, -0.13092545, 0.2371056, -0.00084953924, -0.09215235, -0.1414641, -0.20962091, -0.2321615, -0.49663222]
Q3_3 [0.29136246, -0.47028545, 0.23130575, 0.1771667, -0.061625533, 0.3435234, 0.12224825, 0.3024011, -0.16714917, 0.26557115, -0.23937772, 0.29394785, 0.2653068, 0.09856378, 0.03834849, -0.23976895, -0.007503475, 0.10730157, 0.18512426, 0.19637547, -0.39155963, 0.24651055, 0.19539079, 0.0044724033, 0.0060710963, 0.13188955, 0.22031552, 4.9728787e-06, -0.039459985, -0.28230643, -0.03329488, -0.07599983, -0.21766298, 0.3029012, 0.030960107, -0.019848006, -0.19019398, -0.13565272, -0.21431623, -0.4394315]
Q3_1 [0.30073336, -0.5297244, 0.24571785, 0.19591549, -0.07321763, 0.34154886, 0.1116356, 0.31120118, -0.13504665, 0.27876356, -0.2468982, 0.34883758, 0.2851093, 0.11107517, 0.03751472, -0.2489657, -0.01770037, 0.10744204, 0.20960246, 0.20518278, -0.42883548, 0.250595, 0.21360627, 0.013013282, 0.0022553972, 0.12593739, 0.23182636, 0.010050602, -0.053555112, -0.29348356, -0.04488162, -0.061824545, -0.24432944, 0.3177258, 0.04207899, 0.02355639, -0.2152415, -0.15500364, -0.24099864, -0.46094102]
Q3_4 [0.27147478, -0.48514572, 0.22422685, 0.17315668, -0.035807032, 0.31129572, 0.09280977, 0.29318455, -0.121340536, 0.26019326, -0.20562117, 0.30059612, 0.25589436, 0.08565317, 0.00027625373, -0.22346878, 0.005558349, 0.09820149, 0.18177517, 0.19138701, -0.37787506, 0.22009537, 0.19772434, 0.0027941728, 0.02004069, 0.124601744, 0.23006015, -0.008380708, -0.052216355, -0.2755304, -0.045108397, -0.06410453, -0.20489757, 0.30063903, 0.04696157, 0.030332413, -0.19434564, -0.123354405, -0.22384772, -0.41246715]
Q3_2 [0.30733055, -0.51977926, 0.23450816, 0.16276851, -0.036568914, 0.33334342, 0.089466035, 0.2843071, -0.15306032, 0.25598717, -0.23744069, 0.3371792, 0.27231205, 0.11509714, 0.035983652, -0.22357696, 0.0045411056, 0.08333568, 0.18780321, 0.18419959, -0.41448826, 0.23095627, 0.17388205, -0.008716092, -0.016256705, 0.12855698, 0.21683875, 0.0035579165, -0.059454173, -0.25475806, -0.0114423875, -0.0746809, -0.24345233, 0.3218181, 0.025709527, 0.010337575, -0.18629406, -0.13319959, -0.23260227, -0.448616]
Q2_2 [0.30734122, -0.5422444, 0.23663361, 0.18173127, -0.050832257, 0.3499876, 0.108329654, 0.32197112, -0.12952216, 0.27559748, -0.25674903, 0.3560658, 0.29701155, 0.12777966, 0.03522766, -0.26084214, -0.0074352655, 0.10605077, 0.20391043, 0.18934996, -0.44079638, 0.275755, 0.20143604, 0.011309573, 0.011589315, 0.1431059, 0.2564216, 0.011215431, -0.067495, -0.3140891, -0.041677453, -0.06699749, -0.26007807, 0.32497922, 0.022085244, 0.012857485, -0.20440638, -0.122137174, -0.24826053, -0.47330803]
Q8_2 [0.21590087, -0.45319432, 0.28371075, 0.18211693, 0.0019763114, 0.37837228, 0.09978271, 0.30028212, -0.17460869, 0.2729175, -0.17374752, 0.25858182, 0.21734868, 0.070992865, 0.03286987, -0.20276122, -0.037948243, 0.14098313, 0.23447089, 0.1829176, -0.3586912, 0.3411916, 0.17744552, 0.0657635, 0.014399448, 0.15719807, 0.2424763, -0.0014137448, -0.0031009014, -0.29622367, -0.050543267, -0.10267541, -0.12752068, 0.21999605, 0.002423227, -0.062464885, -0.16155054, -0.19403023, -0.23433754, -0.4750366]
Q5_3 [0.21442924, -0.40233448, 0.23387177, 0.16421697, -0.008689016, 0.35291702, 0.12262701, 0.3151207, -0.18475461, 0.25433365, -0.20161474, 0.25588855, 0.23141587, 0.086651444, 0.0056544724, -0.23224315, -0.010308168, 0.10895112, 0.20402095, 0.1698442, -0.32990488, 0.29741102, 0.17656076, 0.044808537, 0.018427106, 0.12881464, 0.24530803, 0.00093784014, -0.028797794, -0.29650438, -0.050112437, -0.07405361, -0.14236721, 0.24238238, -0.0032307003, -0.066215724, -0.1787597, -0.17005023, -0.22196063, -0.44492906]
Q8_1 [0.22675921, -0.44135532, 0.26217353, 0.1657599, -0.00781299, 0.36148286, 0.097636715, 0.31901708, -0.16518089, 0.2706985, -0.19285637, 0.2717648, 0.22923635, 0.0787106, 0.030819189, -0.2015282, -0.02410803, 0.12997669, 0.21655792, 0.20062096, -0.36603966, 0.30651218, 0.1785435, 0.04079534, 0.015241508, 0.15196016, 0.22864945, 0.012898619, -0.016915228, -0.28846222, -0.04013118, -0.09682555, -0.1619578, 0.2377548, 0.007713365, -0.0447093, -0.17644468, -0.18949024, -0.22211105, -0.45380366]
Q17_2 [0.2311517, -0.44211623, 0.27000573, 0.15734552, -0.0023543006, 0.36222827, 0.10501621, 0.34834385, -0.16447371, 0.27390897, -0.20288055, 0.25837743, 0.2454426, 0.07316231, 0.018666798, -0.22220463, -0.021057902, 0.11832981, 0.21033053, 0.21207576, -0.3569434, 0.3191787, 0.18854807, 0.047085084, 0.0356724, 0.150253, 0.2659429, 0.0022903911, -0.033167843, -0.3068405, -0.05881038, -0.083588086, -0.14222676, 0.25568932, -0.013044636, -0.08127557, -0.18149737, -0.19870166, -0.23766294, -0.47420883]
Q3_5 [0.26460275, -0.47939512, 0.23615457, 0.16355705, -0.04269433, 0.33379135, 0.10232897, 0.2639443, -0.12658295, 0.25025228, -0.21894811, 0.31258017, 0.25106677, 0.10604557, 0.010418577, -0.20551105, -0.011418834, 0.08555015, 0.19066504, 0.19073173, -0.36477545, 0.21570712, 0.19074284, -0.009066346, -0.008854061, 0.13541146, 0.23440073, -0.0043376745, -0.063854486, -0.2604739, -0.026703056, -0.07774768, -0.22021613, 0.3000614, 0.03709868, 0.0281409, -0.17601007, -0.11299594, -0.2022799, -0.4194943]
Q4_3 [0.24934386, -0.4008863, 0.21674216, 0.13632345, -0.048676223, 0.3167252, 0.10886317, 0.29788917, -0.1454342, 0.2492618, -0.19639459, 0.2645614, 0.24229497, 0.08376837, 0.0057500154, -0.20672217, -0.009912778, 0.11055977, 0.17148061, 0.18420321, -0.34854448, 0.2471655, 0.1789744, 0.033627667, 0.01122944, 0.107770815, 0.21482898, 0.003925537, -0.026156424, -0.24688828, -0.049775384, -0.049646597, -0.1582442, 0.26158276, 0.0026155128, -0.04250384, -0.15388033, -0.16242129, -0.20501196, -0.3862541]
Q17_4 [0.2215989, -0.4173061, 0.25564626, 0.15092348, -0.0052066576, 0.3316312, 0.093851715, 0.3311083, -0.15338783, 0.27092874, -0.1849629, 0.24374925, 0.24526012, 0.07683555, 0.005346868, -0.22971925, -0.014015991, 0.13015962, 0.19298705, 0.19933237, -0.34860715, 0.30134743, 0.16938274, 0.061982285, 0.039171286, 0.13785423, 0.25202155, 0.009224433, -0.024801629, -0.26983786, -0.0673483, -0.08503804, -0.14991848, 0.25051174, 0.00046623344, -0.05811174, -0.14843221, -0.1650265, -0.22498918, -0.4525674]
Q5_2 [0.22050627, -0.44047987, 0.24952076, 0.16431327, -0.0063851513, 0.33647963, 0.103275016, 0.31972402, -0.16646755, 0.25844973, -0.18931106, 0.26137632, 0.23728001, 0.08760644, 0.021797786, -0.22946909, -0.0017889708, 0.11625494, 0.19149248, 0.1795588, -0.35145614, 0.29801768, 0.19233681, 0.046025362, 0.027163258, 0.14426842, 0.23833549, 0.018663261, -0.042910084, -0.30183893, -0.04693294, -0.084057696, -0.16427836, 0.25642788, -0.0043578907, -0.049810223, -0.18599692, -0.16341455, -0.22080664, -0.4473396]
Q4_4 [0.28479356, -0.48131818, 0.25800285, 0.16929707, -0.04543685, 0.38614044, 0.13358103, 0.34973657, -0.19264355, 0.2658532, -0.2532231, 0.3033415, 0.28777188, 0.094969966, 0.028399881, -0.25304815, -0.03224249, 0.14154123, 0.21266924, 0.23073775, -0.43281814, 0.29752252, 0.20318747, 0.019835727, 0.022403281, 0.15354028, 0.26889905, 0.02566333, -0.036897898, -0.28820506, -0.052307878, -0.07076033, -0.2209676, 0.32671046, 0.022882601, -0.046255235, -0.18848173, -0.18186128, -0.25681135, -0.46804902]
Q1_5 [0.2539334, -0.44060522, 0.19444409, 0.1376644, -0.04730146, 0.26973742, 0.07760386, 0.26021853, -0.13210285, 0.23639794, -0.20680283, 0.28267568, 0.25562, 0.089817666, 0.02249143, -0.2174869, -0.003899095, 0.08164409, 0.16628061, 0.18723819, -0.3746939, 0.18866484, 0.16568819, 0.017464302, 0.0063125333, 0.09220646, 0.1835749, 0.020263104, -0.04071776, -0.23364662, -0.018992217, -0.042465575, -0.20475365, 0.2973023, 0.03879916, 0.012892908, -0.17240366, -0.124096096, -0.19957137, -0.3701662]
Q2_4 [0.2931708, -0.5109122, 0.2367286, 0.17311005, -0.045658078, 0.32676613, 0.10066469, 0.29020262, -0.12385018, 0.28482413, -0.22635512, 0.33044663, 0.26575574, 0.095853485, 0.01073016, -0.24076237, -0.022769654, 0.10426663, 0.19867527, 0.20264252, -0.39788875, 0.25424978, 0.1888486, 0.011063592, 0.014454007, 0.13015246, 0.24219169, -0.006300316, -0.0459956, -0.28786016, -0.037911445, -0.07960365, -0.22257687, 0.32551998, 0.033317473, 0.0077392654, -0.18719018, -0.12892485, -0.23110627, -0.4500319]
Q3_7 [0.29690987, -0.5065226, 0.25588816, 0.18261218, -0.053710837, 0.34810862, 0.12136802, 0.3061217, -0.17854688, 0.2614254, -0.2518546, 0.3095813, 0.26865527, 0.105401054, 0.021058405, -0.24356258, -0.0039977194, 0.10547805, 0.22265382, 0.20332506, -0.42503121, 0.2704731, 0.21355669, 0.0013457217, -0.00047332956, 0.12407974, 0.2575238, -0.00010060409, -0.057003114, -0.28109828, -0.024543134, -0.08216858, -0.22700721, 0.3239859, 0.039931633, 0.00856446, -0.19831596, -0.14474957, -0.23059268, -0.46750215]
Q2_3 [0.2742707, -0.49331528, 0.22986582, 0.15750033, -0.044641644, 0.32949212, 0.102021135, 0.2709208, -0.13035673, 0.24595746, -0.21413583, 0.3285065, 0.25431022, 0.098638654, 0.024528112, -0.2241623, -0.021019543, 0.093909465, 0.17474963, 0.17656116, -0.38952735, 0.22552322, 0.18104948, -0.015760481, 0.000871422, 0.11264067, 0.23095651, 0.01564309, -0.062575236, -0.26292497, -0.016989483, -0.059283387, -0.23484448, 0.30214942, 0.03175273, 0.020793673, -0.18457417, -0.1179354, -0.21039543, -0.4235736]
Q2_1 [0.2990516, -0.53774977, 0.25359964, 0.1906811, -0.06366475, 0.35404977, 0.12517531, 0.30224636, -0.14974603, 0.27139214, -0.25117582, 0.35081503, 0.28693715, 0.09964083, 0.038988963, -0.24600618, -0.02592356, 0.10852637, 0.21661334, 0.2153938, -0.41739732, 0.27438384, 0.20644124, 0.0035715722, 0.017373487, 0.14214337, 0.25786144, 0.0052194777, -0.041121878, -0.28884533, -0.03426805, -0.07526924, -0.2414806, 0.33126947, 0.047368426, 0.016457137, -0.20408408, -0.14712247, -0.23028176, -0.44878823]
Q6_2 [0.24453546, -0.48155582, 0.2650788, 0.18895894, -0.016728757, 0.38596383, 0.12011457, 0.31905365, -0.18796805, 0.2883796, -0.21494311, 0.29212728, 0.26292357, 0.10437312, 0.026839191, -0.22286904, -0.04246919, 0.11823482, 0.23541847, 0.21069041, -0.38336873, 0.32327753, 0.18101615, 0.043126218, 0.011736326, 0.14426951, 0.27001494, -0.009158005, -0.040484305, -0.31186837, -0.061503686, -0.09658267, -0.18319905, 0.26988053, 0.02405317, -0.06276083, -0.16368228, -0.19321051, -0.24543737, -0.49739593]
Q3_6 [0.29052973, -0.49243525, 0.22591309, 0.17437108, -0.056920018, 0.34923363, 0.11595889, 0.30023718, -0.1703971, 0.251302, -0.25097233, 0.31618965, 0.25093064, 0.090710215, 0.032182593, -0.24320325, -0.005631729, 0.1206564, 0.18755803, 0.20763218, -0.41360837, 0.22181615, 0.18569787, 0.011038695, -0.00882874, 0.12033675, 0.21841303, 0.019900294, -0.058642387, -0.2662774, -0.03123579, -0.08503439, -0.23089646, 0.3101808, 0.03801831, -0.0048870435, -0.21138398, -0.14829828, -0.21806611, -0.42872027]
Q1_2 [0.23922236, -0.4127518, 0.20728599, 0.13258962, -0.049093645, 0.28463352, 0.07063058, 0.26958516, -0.1216845, 0.22243465, -0.19584413, 0.27237964, 0.23664355, 0.085865185, 0.009938436, -0.19738156, -0.013532609, 0.0873168, 0.15517485, 0.16386123, -0.3461353, 0.2013418, 0.16884212, 0.019739294, 0.00702263, 0.11348712, 0.18123598, 0.018839013, -0.04339917, -0.22944602, -0.036968984, -0.06550829, -0.19830182, 0.2582234, 0.020904716, -0.010864234, -0.16906759, -0.12838872, -0.2040762, -0.38264325]
Q2_5 [0.2911124, -0.48655844, 0.20259254, 0.16605973, -0.06211607, 0.31780365, 0.07923769, 0.28700343, -0.13821495, 0.25807685, -0.2419759, 0.32294953, 0.26487973, 0.11591113, 0.028765712, -0.22510214, -0.022859314, 0.08194837, 0.19390324, 0.19975144, -0.39914495, 0.23038572, 0.17965566, 0.0039770524, 0.013402804, 0.11282553, 0.21588065, 0.02036373, -0.06294055, -0.26969156, -0.042357877, -0.050761424, -0.2450988, 0.31574282, 0.0512908, 0.035845906, -0.18356459, -0.11148026, -0.21070385, -0.40300143]
Q3_10 [0.30040407, -0.5207669, 0.27841488, 0.17167601, -0.031920824, 0.3874241, 0.11411174, 0.32048756, -0.17055401, 0.2942754, -0.23688886, 0.32703632, 0.26394558, 0.09067887, 0.03509686, -0.23573135, -0.01575101, 0.13232267, 0.22682898, 0.22277269, -0.4222104, 0.29861057, 0.20341487, 0.02948469, 0.011037135, 0.14681005, 0.27755025, -0.0001717432, -0.04527829, -0.29035756, -0.029240733, -0.093902096, -0.20915635, 0.30403572, 0.046712253, -0.016615374, -0.20203589, -0.1580755, -0.2458599, -0.4715977]
Q3_9 [0.281886, -0.46859562, 0.23863612, 0.17844026, -0.048993144, 0.35213327, 0.10534615, 0.30731884, -0.16806555, 0.26858196, -0.24152334, 0.29709288, 0.27025285, 0.11131315, 0.0099915, -0.23296618, -0.008596456, 0.12684254, 0.20649998, 0.20022154, -0.39400902, 0.25113702, 0.20203516, 0.024362586, 0.003165353, 0.13123535, 0.2352819, 0.009457718, -0.047222015, -0.29166785, -0.042093616, -0.08546384, -0.21256892, 0.2925766, 0.042032775, -0.009488121, -0.20008929, -0.15750845, -0.23035468, -0.4465062]
Q3_8 [0.3103917, -0.506049, 0.25166723, 0.19513407, -0.04259351, 0.35319504, 0.11261558, 0.32977784, -0.17282522, 0.27098975, -0.24178402, 0.31684348, 0.27978417, 0.0974606, 0.028076718, -0.22289392, -0.020959038, 0.10784304, 0.2175031, 0.22218943, -0.4170998, 0.27755347, 0.19467604, 0.023707774, 0.0021000246, 0.13921976, 0.26294413, 0.0064360253, -0.052846134, -0.28842777, -0.024142183, -0.08061787, -0.23574148, 0.32797784, 0.055162154, -0.0026289246, -0.21301304, -0.15770583, -0.25339428, -0.45283046]
Q17_1 [0.21000771, -0.38250634, 0.21259491, 0.14336868, -0.017298888, 0.3111331, 0.0893318, 0.2829986, -0.15142074, 0.23091656, -0.18327992, 0.22471459, 0.22817206, 0.07889492, 0.009084849, -0.21097167, -0.026917178, 0.11677359, 0.18035877, 0.15887146, -0.306773, 0.28338364, 0.1600313, 0.041719895, 0.034574635, 0.12317436, 0.23208942, 0.0014959179, -0.029242469, -0.27368858, -0.04835763, -0.080279246, -0.1361077, 0.21416827, 0.004870734, -0.06696018, -0.13061146, -0.16348203, -0.20204316, -0.39718276]
Q17_3 [0.23139791, -0.41517097, 0.2376969, 0.1512603, -0.025570782, 0.32868207, 0.1050366, 0.30526057, -0.14971146, 0.23624636, -0.17995673, 0.23674452, 0.22696288, 0.077886395, 0.008085242, -0.2088517, -0.020130899, 0.12438722, 0.18310685, 0.17219958, -0.3242393, 0.28392193, 0.158004, 0.044548806, 0.032926448, 0.1362848, 0.23326279, 0.0114753675, -0.026625244, -0.2652801, -0.048706133, -0.077638835, -0.15329812, 0.25318444, 0.024481755, -0.048600502, -0.15643077, -0.15950482, -0.20739889, -0.4226761]
Q1_1 [0.25072202, -0.43903652, 0.2093488, 0.14987049, -0.029947596, 0.29382354, 0.0778089, 0.26716512, -0.12891996, 0.22357896, -0.214791, 0.26223338, 0.22854729, 0.09945655, 0.012744786, -0.20488214, 0.0010061368, 0.096591674, 0.17009838, 0.16289875, -0.35684747, 0.20241494, 0.16260925, 0.021961985, -0.0015778036, 0.11345013, 0.20490961, -0.0023472947, -0.050859656, -0.23067942, -0.019379597, -0.05236492, -0.18924312, 0.26523975, 0.043138284, 0.0136481635, -0.15752894, -0.11362328, -0.2035794, -0.37840027]
Q1_3 [0.23012719, -0.3832623, 0.18116905, 0.12068081, -0.029217158, 0.2748015, 0.084767714, 0.24967314, -0.106110536, 0.22013932, -0.19872047, 0.25170976, 0.2260085, 0.08529603, 0.005135277, -0.17986134, 0.005589209, 0.08915535, 0.1532351, 0.15017352, -0.3103925, 0.17254286, 0.16541953, 0.003691766, -0.0035504608, 0.099057205, 0.17462368, 0.017773705, -0.053327076, -0.2199862, -0.036584783, -0.053030554, -0.18507817, 0.25906667, 0.033849336, 0.020986553, -0.15214619, -0.10769885, -0.19199939, -0.34197065]
Q4_2 [0.26589933, -0.44458112, 0.24227181, 0.16493484, -0.05336272, 0.3393961, 0.12378937, 0.30615938, -0.15374878, 0.24732403, -0.20668715, 0.28932565, 0.24897385, 0.0769737, 0.020197632, -0.22539568, -0.009727761, 0.09702289, 0.18032861, 0.17783016, -0.36299795, 0.25957552, 0.1987225, 0.012439838, 0.014927348, 0.13428724, 0.21676563, -0.006870279, -0.023524914, -0.25184524, -0.03849531, -0.059150323, -0.16970637, 0.26922658, 0.003452723, -0.025280343, -0.18954991, -0.16179799, -0.21164325, -0.4127823]
Q7_2 [0.26915544, -0.4634211, 0.25345108, 0.16578649, -0.02081259, 0.37786463, 0.12918022, 0.3577446, -0.17374395, 0.29286256, -0.21887752, 0.281271, 0.29304236, 0.10776495, 0.0040026763, -0.25563574, -0.035138145, 0.12960891, 0.21611491, 0.21117562, -0.41544586, 0.33190566, 0.1855591, 0.057776153, 0.02474988, 0.15038103, 0.26142117, 0.0068503404, -0.034491062, -0.33593255, -0.04529004, -0.08184005, -0.16824959, 0.27360818, 0.0077591706, -0.058230296, -0.1933187, -0.18050468, -0.23902285, -0.5020027]
Q1_4 [0.22331311, -0.36375234, 0.16501184, 0.11872403, -0.04487557, 0.23067905, 0.066629075, 0.22273368, -0.10009609, 0.1966398, -0.16595264, 0.23924479, 0.20976326, 0.068259075, 0.00938278, -0.16487215, -0.0077708066, 0.0711227, 0.15181474, 0.15615512, -0.31214687, 0.16974619, 0.14668946, 0.015992427, -0.0058689406, 0.086192496, 0.16977099, 0.00033164915, -0.041505, -0.20523524, -0.023183974, -0.048800144, -0.1803841, 0.22459343, 0.039324034, 0.016875574, -0.15243384, -0.09447368, -0.16065605, -0.324414]
Q3_11 [0.27405956, -0.47841927, 0.24990796, 0.17298304, -0.038950544, 0.37566957, 0.114969835, 0.33661225, -0.18091105, 0.26707292, -0.224294, 0.28007686, 0.24987492, 0.10505882, 0.009977881, -0.24694028, -0.01931811, 0.12668295, 0.20461012, 0.19372255, -0.40661418, 0.27895966, 0.20513673, 0.020732947, 0.024540737, 0.14261682, 0.25092837, 0.00983296, -0.048528373, -0.2999256, -0.029288653, -0.090642296, -0.18399255, 0.3003897, 0.016790837, -0.027804568, -0.17737012, -0.16445544, -0.2237873, -0.44970965]
Q5_4 [0.273927, -0.48785418, 0.25816402, 0.1745431, -0.023177441, 0.37767902, 0.117028266, 0.34274194, -0.18669727, 0.2767734, -0.23617952, 0.30529267, 0.26999196, 0.08966253, 0.02406661, -0.2475728, -0.022700662, 0.12132099, 0.22768264, 0.22206959, -0.42054123, 0.30491665, 0.20699568, 0.033138588, 0.018521905, 0.14710072, 0.26317197, 0.017166542, -0.033394825, -0.32660323, -0.04926489, -0.08204111, -0.20995869, 0.3089017, 0.021239383, -0.045907453, -0.18715957, -0.18908006, -0.25481662, -0.48123148]
Q5_1 [0.23968796, -0.41426334, 0.21858847, 0.16317324, -0.025125302, 0.31888798, 0.08669893, 0.2743072, -0.1438913, 0.2411105, -0.18005335, 0.26320696, 0.23658308, 0.07539813, 0.0188367, -0.21891527, -0.0013477836, 0.092919774, 0.18674895, 0.16235581, -0.3349059, 0.27064204, 0.16214049, 0.043085176, 0.022517359, 0.11673904, 0.23122834, -0.004919069, -0.03312328, -0.26593813, -0.03605229, -0.081070505, -0.15441063, 0.24559957, 0.016400214, -0.020406913, -0.15332943, -0.141022, -0.19952877, -0.40119386]
Q4_1 [0.19118588, -0.32070902, 0.17344227, 0.10903018, -0.023060309, 0.24685882, 0.08860353, 0.22854885, -0.12206788, 0.19078553, -0.15915689, 0.19572273, 0.170286, 0.074594595, 0.004300725, -0.15160899, -0.011851453, 0.07905644, 0.14774212, 0.13549945, -0.27256918, 0.18439892, 0.11970597, 0.007176494, 0.022799322, 0.104711555, 0.15420772, 0.010663224, -0.03406582, -0.19582042, -0.034742955, -0.040826708, -0.14312391, 0.20042242, 0.004851157, -0.01731584, -0.13438666, -0.10949651, -0.1653323, -0.3197997]
Q3_12 [0.14414814, -0.25347832, 0.13619372, 0.0921385, -0.0052833795, 0.1743598, 0.06435255, 0.15598406, -0.07172762, 0.13009563, -0.11336843, 0.15093233, 0.12326353, 0.055149782, 0.0041895853, -0.12793723, -0.01605963, 0.0490961, 0.108922385, 0.10881935, -0.18743514, 0.1333651, 0.10841537, 0.0059928787, -0.00339165, 0.06482266, 0.1332362, 0.00024815384, -0.018738229, -0.14722572, -0.033679042, -0.05299157, -0.10765795, 0.15484591, 0.010239845, -0.008562371, -0.09275628, -0.08241125, -0.11946393, -0.24294247]
Q7_1 [-0.13298056, -0.047514338, 0.10309029, -0.27314025, 0.14359656, 0.007815392, -0.19484235, -0.048821334, -0.14747985, 0.15605417, -0.54053456, 0.21189621, 0.10415911, -0.04093134, 0.23047775, -0.5153761, 0.12832513, 0.4406481, 0.0040630056, 0.28185907, -0.04654452, 0.04024062, 0.13862173, -0.33744556, -0.115646146, -0.10639832, -0.19624823, 0.17610803, 0.340083, 0.0023058057, -0.06802913, -0.13468714, -0.13971724, 0.47528514, 0.06121499, 0.19054969, -0.32760596, 0.07221596, -0.16225877, 0.12586965]
Q6_1 [-0.16169383, -0.051125266, 0.09791175, -0.25295022, 0.16335806, -0.00021181731, -0.22084142, -0.054361038, -0.15074478, 0.15911555, -0.5771143, 0.19527997, 0.095338985, -0.03140506, 0.2677691, -0.48722416, 0.12004025, 0.3925043, -0.035465356, 0.26662096, -0.039802544, -0.013030506, 0.15571935, -0.34566534, -0.14350197, -0.12423728, -0.1809718, 0.19533971, 0.35086888, -0.01793239, -0.054067846, -0.15003982, -0.14608867, 0.47656488, 0.05335089, 0.23010828, -0.33586976, 0.09264561, -0.10946359, 0.13477659]
Q3_3 [-0.1598764, -0.0066453614, 0.09631375, -0.29365778, 0.15821747, 0.04598808, -0.22955263, -0.041784983, -0.09146361, 0.16283502, -0.50506294, 0.20240735, 0.111739434, -0.040837787, 0.18152364, -0.51566106, 0.11260354, 0.44483718, -0.0024261486, 0.297741, -0.04690535, 0.095316626, 0.1419885, -0.30415896, -0.08327439, -0.10169162, -0.22277302, 0.1247657, 0.35163674, -0.010594225, -0.052016422, -0.116605006, -0.15500231, 0.48658538, 0.07903684, 0.16854067, -0.2894194, 0.025673829, -0.19776057, 0.1003452]
Q3_1 [-0.17887765, 0.02137646, 0.077987514, -0.3387607, 0.16070889, 0.06284376, -0.2617023, -0.068420894, -0.103909984, 0.19653669, -0.5222065, 0.2378748, 0.09814382, -0.052422818, 0.21418417, -0.5579467, 0.11672069, 0.5018861, 0.014039003, 0.2963597, -0.048080772, 0.107400104, 0.1684442, -0.33015838, -0.112216085, -0.07409656, -0.23752944, 0.09714867, 0.36328855, -0.022103628, -0.03923751, -0.10303359, -0.18495478, 0.50799924, 0.078773245, 0.15776314, -0.269982, 0.005258656, -0.2004924, 0.0817694]
Q3_4 [-0.16343929, 0.0030330534, 0.07374241, -0.28443897, 0.15273288, 0.045003634, -0.22567318, -0.055790585, -0.09463278, 0.16359945, -0.4757141, 0.21580689, 0.09323499, -0.035003897, 0.18621175, -0.49788725, 0.08998413, 0.4425883, 0.034842305, 0.28656653, -0.02555089, 0.066843726, 0.15637752, -0.3067829, -0.09712513, -0.0714348, -0.22161312, 0.10189653, 0.33857444, -0.008026958, -0.04206809, -0.11491961, -0.15031679, 0.4563874, 0.06610339, 0.1675379, -0.23567626, 0.016936783, -0.18439555, 0.082502134]
Q3_2 [-0.20545603, -0.01810803, 0.0935042, -0.31401113, 0.1720796, 0.05382009, -0.24635729, -0.062229197, -0.077910244, 0.19290164, -0.5038605, 0.23886262, 0.09154369, -0.057886384, 0.18368387, -0.5129888, 0.074687004, 0.4602174, 0.022628639, 0.27438658, -0.043275166, 0.100691095, 0.1481373, -0.31680578, -0.069156684, -0.08036786, -0.23087697, 0.1142326, 0.35697046, -0.033876043, -0.043617606, -0.11677562, -0.1576759, 0.49875692, 0.083483554, 0.16098793, -0.27779275, -0.004448406, -0.19249855, 0.056430705]
Q2_2 [-0.2206503, -0.0049222284, 0.10168213, -0.34144956, 0.1863706, 0.063610494, -0.26981038, -0.056896444, -0.09692767, 0.18320094, -0.5510026, 0.25451216, 0.111339934, -0.046329804, 0.20591636, -0.5709044, 0.078619055, 0.4865621, 0.0054218792, 0.31476578, -0.04251917, 0.115824096, 0.16237184, -0.35378203, -0.08052408, -0.082940474, -0.2472537, 0.119057655, 0.38710245, -0.04782221, -0.036914017, -0.10224341, -0.1770692, 0.5161625, 0.07776273, 0.1709869, -0.30088878, 0.021044286, -0.19447817, 0.0642339]
Q8_2 [-0.14544362, -0.06774079, 0.10454136, -0.2672805, 0.15478618, 0.0070090005, -0.21434149, -0.05726779, -0.1401226, 0.15073326, -0.56731045, 0.17989221, 0.07957066, -0.0071069235, 0.25133052, -0.48955554, 0.09365294, 0.41796684, -0.01465726, 0.27668718, -0.008536432, -0.004578069, 0.15705042, -0.3226184, -0.12264765, -0.115338705, -0.21823731, 0.17022246, 0.3302686, -0.015167193, -0.056169372, -0.14213005, -0.13882945, 0.4283573, 0.039280225, 0.20617597, -0.29239354, 0.07941383, -0.090956785, 0.09792469]
Q5_3 [-0.14587632, -0.047371168, 0.09662412, -0.25931177, 0.14968929, 0.015396377, -0.18304461, -0.045686297, -0.13491534, 0.1327938, -0.5266257, 0.19134255, 0.08785393, -0.017789897, 0.20451684, -0.4873767, 0.11817777, 0.41036373, 0.0056218468, 0.269103, -0.048541993, 0.035027463, 0.11708384, -0.31893218, -0.12674461, -0.11121847, -0.17754412, 0.16294059, 0.31487408, -0.023096932, -0.06382394, -0.116343364, -0.1593349, 0.42613, 0.054610237, 0.18208994, -0.29150692, 0.055570133, -0.13691683, 0.11103631]
Q8_1 [-0.16196641, -0.039794363, 0.10157842, -0.25887555, 0.14398426, 0.013075818, -0.20405242, -0.061470095, -0.13898961, 0.14385533, -0.53615314, 0.18440668, 0.08175198, -0.036241148, 0.24175683, -0.49555945, 0.10983289, 0.40438324, -0.008779074, 0.26227015, -0.021230515, 0.033928722, 0.14163174, -0.33311665, -0.12303969, -0.096883975, -0.2193776, 0.16855277, 0.3452808, -0.023719555, -0.04013283, -0.14761849, -0.13842803, 0.4419163, 0.056340642, 0.18754095, -0.2920377, 0.058216296, -0.12217465, 0.113269985]
Q17_2 [-0.14289337, -0.033433426, 0.09684355, -0.2660982, 0.16044146, -0.0057341214, -0.20428243, -0.06652672, -0.1379004, 0.15307085, -0.55450666, 0.18373539, 0.086986214, -0.037731506, 0.25327393, -0.5040485, 0.1019973, 0.4293658, -0.010861201, 0.28788483, -0.032433797, 0.018548578, 0.12189831, -0.34289116, -0.14029892, -0.0987633, -0.2071, 0.17962563, 0.34288046, -0.012942921, -0.06473129, -0.12361791, -0.14300759, 0.4674913, 0.059684362, 0.19408333, -0.32403705, 0.07636127, -0.14264089, 0.107722946]
Q3_5 [-0.1879939, -0.012640945, 0.06406538, -0.2941155, 0.15758948, 0.031496145, -0.24143799, -0.060259026, -0.09057005, 0.1528097, -0.47195575, 0.22295722, 0.079062745, -0.050136894, 0.1701313, -0.5008054, 0.07441686, 0.44800165, 0.0378357, 0.27720854, -0.024873892, 0.08247875, 0.15222882, -0.2976411, -0.089660645, -0.07087564, -0.21366268, 0.08321398, 0.34112066, -0.029905709, -0.034718145, -0.09360863, -0.15049464, 0.4436508, 0.068934776, 0.16455238, -0.24578652, 0.02284447, -0.17769891, 0.05558434]
Q4_3 [-0.12634543, -0.028768709, 0.06982133, -0.26624903, 0.14059559, 0.010764502, -0.18075934, -0.05133775, -0.11149911, 0.15196504, -0.45507008, 0.18087791, 0.0856111, -0.02475524, 0.1833881, -0.46472946, 0.092849866, 0.3996687, -0.003976233, 0.26668563, -0.02868791, 0.050664797, 0.12180933, -0.2891694, -0.09084213, -0.0788148, -0.20254916, 0.12616853, 0.30900398, -0.023544695, -0.058396567, -0.118808225, -0.12549555, 0.44457287, 0.06695626, 0.17442086, -0.2720731, 0.03278191, -0.159806, 0.07958993]
Q17_4 [-0.13690343, -0.052674826, 0.10354327, -0.2524254, 0.1338049, 0.00040004886, -0.18815583, -0.05687312, -0.121472254, 0.15597956, -0.531347, 0.17624171, 0.091923356, -0.036094185, 0.23384756, -0.46804574, 0.08851343, 0.39384457, -0.024730504, 0.25941306, -0.026985869, 0.018697135, 0.1341573, -0.32622737, -0.12705201, -0.101851486, -0.19038317, 0.15437238, 0.32388523, -0.004150356, -0.063217975, -0.13843182, -0.12781112, 0.4308068, 0.065754905, 0.20804621, -0.29445842, 0.060618248, -0.13572595, 0.120905444]
Q5_2 [-0.16113904, -0.03283935, 0.098223396, -0.25960743, 0.14971237, 0.021102773, -0.19055396, -0.059144378, -0.13209896, 0.14418097, -0.5352153, 0.19328718, 0.09627666, -0.021577323, 0.22425233, -0.48503113, 0.10266021, 0.4238138, -0.0069595436, 0.28457683, -0.03594771, 0.04027616, 0.1143903, -0.30767828, -0.12148999, -0.08668631, -0.2027104, 0.14841315, 0.32486844, -0.017468423, -0.054828487, -0.121398516, -0.16011557, 0.42890084, 0.05714053, 0.1768822, -0.294049, 0.046204977, -0.12619364, 0.11475909]
Q4_4 [-0.16452989, -0.04480938, 0.08875573, -0.3177143, 0.15066575, 0.013557257, -0.22518538, -0.047408164, -0.13175936, 0.17411308, -0.53877693, 0.2217773, 0.09750893, -0.034728393, 0.22697787, -0.5635979, 0.12660831, 0.47932443, 0.009234499, 0.29703695, -0.023533864, 0.048064563, 0.14463401, -0.34764633, -0.12110874, -0.08974272, -0.23586935, 0.1578566, 0.37696156, -0.019948326, -0.04075392, -0.13521929, -0.15944034, 0.5218858, 0.08081544, 0.20804863, -0.33891574, 0.033967666, -0.2011843, 0.09019274]
Q1_5 [-0.15263288, 0.0031424738, 0.05499897, -0.26775458, 0.13609965, 0.050933335, -0.2051173, -0.040026844, -0.08581869, 0.1710192, -0.42391983, 0.21119668, 0.09094783, -0.054931995, 0.16306378, -0.4656521, 0.06913186, 0.42255804, 0.025673708, 0.26281646, -0.04388234, 0.10557711, 0.13663697, -0.2817331, -0.07514726, -0.05955698, -0.19858976, 0.09698563, 0.30609024, -0.018747019, -0.028707122, -0.09715797, -0.12337838, 0.43679285, 0.06861636, 0.14244962, -0.23298153, -0.004385712, -0.20609947, 0.08410404]
Q2_4 [-0.18904294, 0.005611341, 0.09797372, -0.31123054, 0.15703188, 0.03835861, -0.24676766, -0.05730423, -0.0915761, 0.18842705, -0.5113218, 0.22589982, 0.09063413, -0.042499304, 0.20313713, -0.5304563, 0.08012758, 0.47276804, 0.019697357, 0.30499592, -0.023617227, 0.080528274, 0.14022039, -0.33925578, -0.0797981, -0.07063822, -0.22057945, 0.1139209, 0.36815563, -0.028622534, -0.040794805, -0.10480484, -0.14931135, 0.47339806, 0.07969236, 0.17942996, -0.26961184, 0.026920492, -0.2044807, 0.06402075]
Q3_7 [-0.18248825, -0.0347885, 0.0884416, -0.29918852, 0.15773971, 0.03834306, -0.2331135, -0.07548169, -0.11746106, 0.17188619, -0.52524406, 0.2341038, 0.108589575, -0.044881865, 0.19538555, -0.53727365, 0.08997057, 0.47475696, 0.005096883, 0.29795974, -0.025427025, 0.06822162, 0.1357057, -0.35206252, -0.11017104, -0.10052074, -0.22564054, 0.12836988, 0.36572865, -0.031871207, -0.038994122, -0.13448583, -0.16786923, 0.51040137, 0.06487849, 0.17854904, -0.3098504, 0.030182889, -0.18470794, 0.092667624]
Q2_3 [-0.18904628, 0.0025354568, 0.07941855, -0.31198552, 0.16522512, 0.029622354, -0.23223999, -0.061754964, -0.08868662, 0.17257285, -0.48637265, 0.2211365, 0.090685874, -0.04860317, 0.17604862, -0.5060383, 0.08809447, 0.46026322, 0.02099901, 0.28965443, -0.030212866, 0.101453364, 0.13529567, -0.30718836, -0.080225825, -0.07532729, -0.2084222, 0.100144684, 0.32920328, -0.029880062, -0.03780013, -0.08632747, -0.15065184, 0.4581052, 0.06590308, 0.15667585, -0.26416674, -0.001932842, -0.19766666, 0.0628875]
Q2_1 [-0.18728802, 0.008108193, 0.08097015, -0.33597946, 0.18327251, 0.035859376, -0.23919092, -0.053300638, -0.093563356, 0.19418389, -0.53932816, 0.22407977, 0.099348, -0.04591706, 0.21888639, -0.5565649, 0.115080364, 0.49232495, 0.019274807, 0.3080534, -0.023637114, 0.09488229, 0.14766179, -0.3376576, -0.09937802, -0.09679285, -0.24889526, 0.1280014, 0.38146806, -0.023607336, -0.033128202, -0.10617946, -0.18177412, 0.5106285, 0.067496374, 0.1794284, -0.2845863, 0.011460874, -0.21461686, 0.07204074]
Q6_2 [-0.1732004, -0.03908529, 0.09886587, -0.28695822, 0.16293418, 0.02143044, -0.23429082, -0.072688825, -0.13858046, 0.1759826, -0.57747054, 0.20230772, 0.097886205, -0.02668151, 0.26211393, -0.52396595, 0.107164025, 0.4251446, -0.022755435, 0.29194817, -0.028274974, 0.027273139, 0.1589144, -0.35115594, -0.12256833, -0.11495893, -0.20821221, 0.17343518, 0.3701714, -0.033474132, -0.048009053, -0.12812622, -0.15128465, 0.47322038, 0.050241895, 0.22656333, -0.31747782, 0.07820268, -0.12984131, 0.10554308]
Q3_6 [-0.18942283, -0.011538287, 0.092672825, -0.30479407, 0.15069665, 0.03870671, -0.24546401, -0.0648723, -0.10316125, 0.17589629, -0.49690667, 0.22973917, 0.091523945, -0.045557532, 0.17552345, -0.51462835, 0.094035156, 0.47023708, 0.028702103, 0.29300693, -0.03551021, 0.09430523, 0.1299234, -0.321088, -0.08785917, -0.07624656, -0.21808976, 0.09563125, 0.36117092, -0.011079303, -0.04182163, -0.11106089, -0.16177815, 0.4751123, 0.07848629, 0.1722558, -0.29488012, 0.019148663, -0.19581066, 0.08777066]
Q1_2 [-0.15427072, 0.0033169976, 0.06219979, -0.24946254, 0.120715275, 0.05052277, -0.18786725, -0.041320283, -0.08944598, 0.15322636, -0.4328028, 0.18969175, 0.08462403, -0.049367927, 0.16062833, -0.4348291, 0.0735507, 0.37079516, 0.011668694, 0.2580024, -0.03621294, 0.07890308, 0.13655582, -0.28176358, -0.080634825, -0.07429446, -0.19443873, 0.08806628, 0.28918403, -0.020356074, -0.034468293, -0.10046651, -0.12786922, 0.4032992, 0.050248463, 0.14225763, -0.23703806, 0.015937781, -0.1709678, 0.086275585]
Q2_5 [-0.17880271, 0.020174257, 0.07547793, -0.30872026, 0.16028208, 0.06295911, -0.22171135, -0.05795017, -0.09470646, 0.17200562, -0.48043206, 0.21108337, 0.09419869, -0.03903614, 0.18721619, -0.513411, 0.09248293, 0.45196924, 0.03071503, 0.2979272, -0.033151872, 0.116790675, 0.1526726, -0.30268204, -0.081809804, -0.07172058, -0.2325907, 0.09095989, 0.34879348, -0.03235495, -0.03777998, -0.11518673, -0.1416122, 0.45270252, 0.08263261, 0.14365213, -0.24936894, 0.016398108, -0.20508173, 0.062627405]
Q3_10 [-0.19414975, -0.015215745, 0.07856797, -0.2932466, 0.17656311, 0.013842816, -0.25602, -0.07423474, -0.12213644, 0.16911533, -0.551455, 0.22926453, 0.11168597, -0.02883804, 0.23973784, -0.5642169, 0.10180865, 0.4794722, 0.008772856, 0.31426302, -0.01454942, 0.05271255, 0.15029521, -0.36567646, -0.105600104, -0.10550471, -0.24107619, 0.12874275, 0.3918021, -0.015866019, -0.03487044, -0.14822097, -0.15108858, 0.50085384, 0.0732575, 0.2081894, -0.30765432, 0.051591672, -0.18333504, 0.104422435]
Q3_9 [-0.15897435, -0.029480146, 0.09354565, -0.28307018, 0.1477501, 0.02638284, -0.2372657, -0.060822792, -0.11085853, 0.18090299, -0.5075068, 0.22541496, 0.10909909, -0.03275887, 0.20192768, -0.52673274, 0.10737348, 0.46574914, 0.021209886, 0.29006794, -0.04695936, 0.07726815, 0.13979563, -0.3386847, -0.11207367, -0.094078764, -0.20698763, 0.12510438, 0.3648969, -0.013965133, -0.031543892, -0.13351011, -0.14614262, 0.48043835, 0.08120344, 0.19537415, -0.29639542, 0.033777345, -0.18272798, 0.0847885]
Q3_8 [-0.18614544, -0.022772167, 0.072575495, -0.29610294, 0.16013037, 0.02347194, -0.25529763, -0.05432714, -0.11590971, 0.16160989, -0.5416894, 0.22842403, 0.10978865, -0.02700443, 0.21794462, -0.5446547, 0.11137653, 0.46008915, 0.00024409534, 0.31486526, -0.044003032, 0.07523212, 0.1613971, -0.35423163, -0.09159157, -0.096607916, -0.21935415, 0.12715581, 0.38890457, -0.017101388, -0.023545828, -0.14143878, -0.153922, 0.50912994, 0.07196508, 0.18898226, -0.30820447, 0.014533112, -0.20248498, 0.094396226]
Q17_1 [-0.12521459, -0.048812974, 0.074997455, -0.21964556, 0.13045208, 0.015134956, -0.17102279, -0.04975916, -0.105454475, 0.13628107, -0.474743, 0.17700098, 0.082805365, -0.023165429, 0.20640677, -0.43205202, 0.08908305, 0.35150784, -0.010402271, 0.24593909, -0.032453064, 0.015602901, 0.119479455, -0.2925135, -0.09813197, -0.08030043, -0.16540992, 0.1539583, 0.2972651, -0.01336862, -0.03577451, -0.10498833, -0.118158676, 0.40446967, 0.04703073, 0.18450774, -0.27286133, 0.06933313, -0.12201755, 0.10693172]
Q17_3 [-0.12782137, -0.047560863, 0.08395204, -0.25749, 0.1482393, 0.010472368, -0.19719875, -0.06318843, -0.11122821, 0.1449823, -0.49277037, 0.1846326, 0.09762391, -0.037420362, 0.2104506, -0.47089905, 0.08769848, 0.39842424, 0.0009989012, 0.26286405, -0.03187648, 0.017558753, 0.117097326, -0.29298565, -0.11207837, -0.10122207, -0.19707824, 0.14333296, 0.32628724, -0.004316612, -0.058341153, -0.11067675, -0.12914069, 0.4175165, 0.049382918, 0.18402591, -0.28561163, 0.06318666, -0.14264192, 0.10327514]
Q1_1 [-0.15445329, 0.003968857, 0.066076145, -0.24581397, 0.12849571, 0.049899265, -0.20926438, -0.059301667, -0.09368764, 0.14112666, -0.4394793, 0.20260677, 0.08370782, -0.034804564, 0.17165886, -0.4624097, 0.08877852, 0.39960185, 0.009717682, 0.2623334, -0.032767955, 0.07535196, 0.13001585, -0.2814934, -0.088689275, -0.08066089, -0.18251431, 0.09594281, 0.29779035, -0.013169742, -0.038313836, -0.10586378, -0.12800685, 0.42325222, 0.06053689, 0.15233168, -0.23156482, 0.011582873, -0.18146008, 0.086936735]
Q1_3 [-0.15688868, 0.0028079133, 0.056142792, -0.24056727, 0.11776685, 0.05144658, -0.20183444, -0.039870135, -0.068231285, 0.12723716, -0.38885096, 0.18864055, 0.07044327, -0.0459639, 0.16339955, -0.4319438, 0.07066063, 0.37534195, 0.0112388255, 0.2408473, -0.027245313, 0.061237853, 0.11862729, -0.26587984, -0.06868254, -0.074776836, -0.1713967, 0.08300851, 0.2816435, -0.022729687, -0.03270204, -0.08144995, -0.11317728, 0.38609412, 0.053376704, 0.12364912, -0.22402212, 0.0049795494, -0.1738846, 0.07663454]
Q4_2 [-0.16396232, -0.034631874, 0.08587207, -0.28643844, 0.1400323, 0.029197352, -0.19759619, -0.041259155, -0.09572038, 0.14521465, -0.4737427, 0.18871662, 0.08886066, -0.026697118, 0.19084965, -0.48715937, 0.09174376, 0.43743145, -0.0017813286, 0.26588926, -0.043400075, 0.046420783, 0.14106402, -0.31238255, -0.10780613, -0.09154242, -0.19582264, 0.12418386, 0.3273723, -0.0077965767, -0.05150561, -0.12507877, -0.14658304, 0.4591929, 0.06553046, 0.16013744, -0.28950334, 0.023368273, -0.1766446, 0.08804039]
Q7_2 [-0.15111515, -0.023614349, 0.104739964, -0.3019072, 0.16595599, 0.010103182, -0.20485611, -0.051486433, -0.14352112, 0.17366675, -0.5631022, 0.2052572, 0.11073391, -0.044129685, 0.23742376, -0.5269189, 0.11899367, 0.45446044, -0.01403857, 0.30712935, -0.03790677, 0.052284252, 0.13613646, -0.34096766, -0.12118112, -0.09706336, -0.22064099, 0.18399183, 0.37198997, -0.026100263, -0.054223917, -0.14802085, -0.16187875, 0.48641792, 0.056613024, 0.22101891, -0.33059135, 0.0652255, -0.16990784, 0.11519037]
Q1_4 [-0.121451706, -0.0070362785, 0.06689193, -0.22306024, 0.117049605, 0.038825434, -0.18235, -0.038089603, -0.0756157, 0.13385528, -0.36740547, 0.17609479, 0.08189226, -0.027460339, 0.1369999, -0.38006225, 0.071746305, 0.34379673, 0.0138109885, 0.22246929, -0.03835469, 0.06944488, 0.1106652, -0.2451947, -0.07657898, -0.04670626, -0.17286512, 0.07342265, 0.27009457, -0.004698559, -0.024932876, -0.09148886, -0.10748271, 0.3656204, 0.04799362, 0.112792365, -0.2061076, 0.02034833, -0.15790737, 0.057207495]
Q3_11 [-0.17177351, -0.032465883, 0.084718585, -0.293687, 0.16877554, 0.016564528, -0.21789995, -0.058402464, -0.11706267, 0.16385701, -0.52759314, 0.2278315, 0.10091653, -0.03508667, 0.21247505, -0.53073823, 0.09646959, 0.44952735, 0.016655756, 0.29127118, -0.047202773, 0.042071782, 0.15470253, -0.33219022, -0.10583146, -0.10680737, -0.21944338, 0.14505118, 0.3587724, -0.014524442, -0.046390448, -0.1334985, -0.16477631, 0.4807145, 0.07262777, 0.19696392, -0.29923025, 0.03653045, -0.16345754, 0.10538477]
Q5_4 [-0.16852798, -0.042475987, 0.09341747, -0.31748238, 0.16169597, 0.027522108, -0.23640017, -0.045278717, -0.13235915, 0.17742273, -0.56860226, 0.21440937, 0.099925086, -0.030654011, 0.24580099, -0.5599729, 0.106536426, 0.46080083, 0.0020453087, 0.30638894, -0.02919809, 0.06681981, 0.14329275, -0.34565276, -0.12851878, -0.112626255, -0.23184922, 0.17186402, 0.38176227, -0.03186653, -0.045760453, -0.14075701, -0.1527847, 0.49530157, 0.079651974, 0.20954938, -0.33204862, 0.039987214, -0.1740243, 0.10801574]
Q5_1 [-0.14099726, -0.037825536, 0.08351126, -0.25315437, 0.14096306, 0.019230127, -0.19701545, -0.049949594, -0.11540807, 0.14574535, -0.47145352, 0.19156152, 0.095674604, -0.016067602, 0.19140692, -0.45027083, 0.092674635, 0.39723304, 0.011937341, 0.26961195, -0.020836677, 0.055956297, 0.122934796, -0.2901758, -0.08922509, -0.07428373, -0.20463884, 0.12806872, 0.30792513, -0.011925771, -0.046035077, -0.12099403, -0.13512444, 0.40719867, 0.045057278, 0.17199665, -0.26276988, 0.039214976, -0.12523371, 0.092272855]
Q4_1 [-0.12075077, -0.0016274044, 0.0507377, -0.20778018, 0.109355085, 0.020036217, -0.14786786, -0.027170485, -0.0753766, 0.12346998, -0.35370582, 0.13281772, 0.07294106, -0.022609908, 0.13365534, -0.3490171, 0.069408074, 0.30037308, -0.0056273527, 0.18779112, -0.034012236, 0.03467596, 0.10622336, -0.22867122, -0.07998352, -0.05010413, -0.14820649, 0.0885076, 0.25319147, -0.01705088, -0.03789273, -0.080933064, -0.107650265, 0.31967878, 0.03706899, 0.119885914, -0.21297085, 0.027038353, -0.120126754, 0.074059576]
Q3_12 [-0.085483976, -0.0075007407, 0.038180616, -0.14473918, 0.08889222, 0.019018317, -0.120911516, -0.032882012, -0.050074596, 0.08673875, -0.277397, 0.11326476, 0.051594123, -0.018074257, 0.11605692, -0.25744298, 0.04486096, 0.23162869, -0.0077950913, 0.144474, -0.023308344, 0.0224131, 0.07601121, -0.17444773, -0.04369332, -0.046307992, -0.116739474, 0.061376534, 0.17519118, -0.002414207, -0.03387244, -0.062193416, -0.084283754, 0.23713426, 0.036144085, 0.093560204, -0.15431501, 0.020981863, -0.0745636, 0.060597364]
