Q7_1 [-0.4391515, -0.008447001, 0.13165332, -0.18039624, 0.25872493, 0.084882356, -0.2293157, -0.072951466, -0.18045823, 0.11017717, -0.107187144, 0.11448065, 0.043012597, 0.040720247, 0.19478592, 0.36080226, 0.034992732, -0.10106699, -0.08096911, 0.42268988, -0.1961517, -0.0877801, -0.20742752, 0.022515198, -0.13773349, -0.14813893, -0.06583779, 0.10076338, 0.39897662, -0.116672106, 0.088522784, -0.2897435, -0.05462614, 0.103312284, 0.3749993, -0.15335336, -0.15271994, -0.007561032, 0.09293725, 0.16942264]
Q6_1 [-0.45617875, 0.0037436297, 0.09854814, -0.16343005, 0.24823938, 0.10703043, -0.21602286, -0.058761805, -0.19366772, 0.14381872, -0.12868991, 0.13850325, 0.036237627, 0.06641409, 0.18947981, 0.38236633, 0.04873412, -0.11897749, -0.11365893, 0.4234421, -0.23938313, -0.11394695, -0.23823704, 0.01753793, -0.13016178, -0.17981632, -0.04548817, 0.096669346, 0.41766948, -0.13436148, 0.060901225, -0.29144984, -0.04863868, 0.11836911, 0.4235819, -0.18340826, -0.15688929, -0.022120401, 0.09221642, 0.17736521]
Q3_3 [-0.44575813, -0.008344956, 0.114074364, -0.16434403, 0.25921258, 0.08336324, -0.22238965, -0.07385727, -0.19133532, 0.1365222, -0.10992566, 0.1283622, 0.053749565, 0.041148156, 0.19252616, 0.38128033, 0.043074917, -0.118690535, -0.099641114, 0.42512348, -0.22934224, -0.11456821, -0.2082127, 0.0066739903, -0.12238474, -0.16324277, -0.06784168, 0.08751905, 0.39085492, -0.12683654, 0.059758518, -0.2822608, -0.052666478, 0.12619348, 0.3943754, -0.17496401, -0.16473722, -0.009300803, 0.09350941, 0.17430054]
Q3_1 [-0.44529393, -0.008389626, 0.09675146, -0.16317528, 0.26245105, 0.10383882, -0.21204898, -0.075109765, -0.18726061, 0.13629863, -0.10499192, 0.13267985, 0.054783132, 0.05080245, 0.17342892, 0.3725981, 0.05586628, -0.1142046, -0.10117493, 0.4281308, -0.21571042, -0.10595042, -0.20613559, 0.019346196, -0.13099185, -0.16524124, -0.070182346, 0.10743338, 0.41598225, -0.11403169, 0.09135704, -0.28742117, -0.049018413, 0.118301965, 0.3986243, -0.15445904, -0.16067682, -0.022284595, 0.07616129, 0.15602326]
Q3_4 [-0.43063274, -0.014920528, 0.11337107, -0.1696479, 0.22720738, 0.1006131, -0.22515433, -0.056035034, -0.1778904, 0.09684892, -0.111595966, 0.11212339, 0.04065606, 0.03411616, 0.17894682, 0.3680309, 0.035348356, -0.11223122, -0.08931649, 0.41827267, -0.21072565, -0.10278725, -0.20462474, 0.0146091, -0.13273716, -0.17455377, -0.055980016, 0.10059317, 0.38871977, -0.12091332, 0.082526706, -0.29069465, -0.05871765, 0.10808604, 0.3660299, -0.17552184, -0.14341277, -0.008843086, 0.07643857, 0.18032956]
Q3_2 [-0.49703422, -0.005143003, 0.12664917, -0.17565222, 0.28323236, 0.11186579, -0.25380513, -0.07742567, -0.18561548, 0.12734252, -0.14060989, 0.15405136, 0.03971315, 0.059057936, 0.22045004, 0.40356624, 0.05752853, -0.13449599, -0.09408444, 0.48298258, -0.24166371, -0.0949894, -0.24125826, 0.0027003514, -0.13915882, -0.20397066, -0.05517387, 0.10251789, 0.46989644, -0.1452363, 0.11788581, -0.31031555, -0.04183192, 0.13297199, 0.44846058, -0.19043027, -0.17109162, -0.0030607414, 0.10318322, 0.19687147]
Q2_2 [-0.46957758, 0.00025657262, 0.1107391, -0.16531235, 0.28696093, 0.09192956, -0.2422381, -0.07787884, -0.19514178, 0.14501622, -0.1339686, 0.13567616, 0.06738904, 0.03249198, 0.20374192, 0.4233451, 0.053293172, -0.12802036, -0.09524889, 0.47807682, -0.22506014, -0.10687158, -0.25100893, 0.032856174, -0.14518926, -0.2042841, -0.066854805, 0.120568, 0.46204603, -0.16136031, 0.090585954, -0.32888392, -0.05380378, 0.12546441, 0.45133013, -0.18774736, -0.16722961, 0.0010959345, 0.07603388, 0.19662105]
Q8_2 [-0.47129968, 0.008639665, 0.13214248, -0.16220188, 0.27490607, 0.1013825, -0.25479475, -0.08394328, -0.19905701, 0.12342963, -0.14623912, 0.13365139, 0.06565986, 0.048104763, 0.22269218, 0.39577696, 0.045114417, -0.11410277, -0.09379466, 0.45671895, -0.21240291, -0.11165418, -0.22636366, 0.023032121, -0.13581444, -0.20754105, -0.048419874, 0.120904274, 0.465365, -0.1487142, 0.09184981, -0.3217402, -0.05879329, 0.12649697, 0.43239874, -0.18619111, -0.15694815, -0.00070088427, 0.092239544, 0.18002272]
Q5_3 [-0.4532837, -0.01158553, 0.10806843, -0.1618431, 0.26549798, 0.0936127, -0.22628935, -0.06704193, -0.19849083, 0.1444607, -0.12058902, 0.1364513, 0.037762217, 0.059345864, 0.17601253, 0.38551557, 0.06090899, -0.13057294, -0.0892195, 0.451278, -0.21146157, -0.11830541, -0.22705129, 0.022834882, -0.12267959, -0.17574245, -0.06995373, 0.097400345, 0.42506555, -0.12933864, 0.082202226, -0.29807118, -0.04974603, 0.12992494, 0.42045635, -0.16496386, -0.17589901, -0.01605406, 0.09656453, 0.18353026]
Q8_1 [-0.47373763, -0.0012748862, 0.13086334, -0.18099248, 0.28365374, 0.09060822, -0.23069447, -0.06826433, -0.19522518, 0.11836901, -0.11794673, 0.14226706, 0.06582102, 0.057793163, 0.19729702, 0.41288972, 0.04167297, -0.12276933, -0.10256464, 0.46820745, -0.22845845, -0.09775943, -0.2472457, 0.02948609, -0.13171515, -0.19482943, -0.07710058, 0.09837432, 0.46166593, -0.13333209, 0.07839511, -0.308579, -0.038581476, 0.12577926, 0.43171227, -0.19212212, -0.17678873, 0.0057963375, 0.07672345, 0.19597842]
Q17_2 [-0.47199345, -0.0024372148, 0.11132257, -0.17733562, 0.27596635, 0.09886894, -0.24304606, -0.05883072, -0.18056992, 0.12930933, -0.13604222, 0.12288737, 0.0419112, 0.05940571, 0.2095124, 0.3922288, 0.049677424, -0.119725525, -0.10255621, 0.43742904, -0.21516837, -0.08700207, -0.21997432, 0.0021959876, -0.14067253, -0.18913159, -0.055117697, 0.100176476, 0.44905612, -0.13661297, 0.09869142, -0.31233814, -0.052177627, 0.11115884, 0.39677754, -0.17789893, -0.16150108, -0.017129818, 0.094104566, 0.16947319]
Q3_5 [-0.48923254, -0.001035267, 0.11980022, -0.16091077, 0.26377976, 0.09086187, -0.2497246, -0.077693924, -0.1822611, 0.12184437, -0.14333841, 0.1449552, 0.048541658, 0.054165673, 0.22082861, 0.38896513, 0.06766555, -0.13118637, -0.10911761, 0.476492, -0.23137525, -0.10150232, -0.218733, 0.0051784725, -0.14377615, -0.18828508, -0.053223453, 0.1139265, 0.46975932, -0.1509342, 0.11857871, -0.30705005, -0.05468325, 0.11850509, 0.4210177, -0.19216342, -0.16381475, 0.0040281075, 0.0822826, 0.19356649]
Q4_3 [-0.45041692, -0.0008432235, 0.12801825, -0.1769157, 0.26295227, 0.10491474, -0.22993158, -0.07314068, -0.17871794, 0.10951894, -0.14021073, 0.1197022, 0.055951018, 0.05835637, 0.20536956, 0.37458786, 0.065906696, -0.113012984, -0.08342733, 0.43435058, -0.19735037, -0.071969785, -0.21429785, 0.025682561, -0.14226906, -0.17460132, -0.04870219, 0.10470994, 0.43485877, -0.124130934, 0.115929484, -0.29441646, -0.051795896, 0.12259534, 0.37929073, -0.15876795, -0.15696254, 0.013419112, 0.09687059, 0.18352452]
Q17_4 [-0.49206248, -0.014952265, 0.106986545, -0.17128655, 0.28290927, 0.0941283, -0.24608965, -0.076332115, -0.20297378, 0.15436715, -0.1372655, 0.1314444, 0.054935835, 0.02661683, 0.20415145, 0.4438655, 0.047226105, -0.14500798, -0.11454854, 0.483031, -0.26432464, -0.14231245, -0.25902495, 0.01595619, -0.16039939, -0.20481701, -0.06766535, 0.12235643, 0.4988132, -0.16301572, 0.06872946, -0.3330574, -0.053156555, 0.11805674, 0.46251357, -0.18432361, -0.17396651, -0.010944646, 0.07309383, 0.17799327]
Q5_2 [-0.5073288, -0.003295036, 0.11113106, -0.16361898, 0.26548907, 0.109847985, -0.23508549, -0.086310156, -0.21251567, 0.15147582, -0.13652037, 0.1258426, 0.06228389, 0.038460635, 0.19403441, 0.4248526, 0.04073826, -0.13265195, -0.11856577, 0.48944354, -0.252944, -0.1399533, -0.25740403, 0.038099956, -0.14632629, -0.21188648, -0.06054791, 0.121000074, 0.4797941, -0.1414657, 0.07490389, -0.3053829, -0.059528414, 0.12989533, 0.45956638, -0.1909628, -0.18764193, -0.006791053, 0.08285606, 0.18322667]
Q4_4 [-0.50521123, -0.010438046, 0.13504986, -0.18208137, 0.26825202, 0.082002446, -0.23510882, -0.08158665, -0.2145257, 0.1231249, -0.12786083, 0.12600182, 0.06791366, 0.04498288, 0.2074443, 0.43038154, 0.05899898, -0.11226365, -0.109208606, 0.47223747, -0.23401195, -0.12985368, -0.2411515, 0.022424892, -0.15694076, -0.19473682, -0.06291285, 0.110531226, 0.4881226, -0.16084242, 0.08241047, -0.31725416, -0.0647761, 0.13022324, 0.4540285, -0.18641077, -0.18457194, 0.015287473, 0.0935608, 0.19189206]
Q1_5 [-0.4592546, -0.009906814, 0.12233001, -0.16669436, 0.26672003, 0.107773826, -0.22218046, -0.058727503, -0.17422119, 0.13230121, -0.1422641, 0.116993256, 0.037150074, 0.06574543, 0.19517393, 0.37714413, 0.052473743, -0.10190986, -0.109823324, 0.43362787, -0.21907015, -0.108999185, -0.22281617, 0.012494953, -0.12550333, -0.1740684, -0.05363881, 0.08636788, 0.43169504, -0.13049057, 0.08409171, -0.29711133, -0.0567191, 0.1252885, 0.4106798, -0.16759628, -0.15551017, -0.023755522, 0.10183461, 0.15812656]
Q2_4 [-0.51835686, -0.0019640955, 0.13415414, -0.1777049, 0.28494352, 0.11010607, -0.2515511, -0.07769881, -0.20464122, 0.13945006, -0.15843955, 0.14692733, 0.042049572, 0.042479135, 0.21494405, 0.43019235, 0.07242525, -0.1403958, -0.09780852, 0.49502692, -0.22698528, -0.08860876, -0.22968034, 0.0019113362, -0.13655737, -0.19201134, -0.06399913, 0.12703404, 0.48539746, -0.14905496, 0.12984563, -0.32987034, -0.05925961, 0.14605638, 0.43736905, -0.19227678, -0.16408382, -0.00023082086, 0.099812105, 0.20213243]
Q3_7 [-0.5798665, -0.0087086465, 0.1570432, -0.20338723, 0.33623505, 0.117952816, -0.2917217, -0.07799301, -0.21758866, 0.15645845, -0.16638348, 0.16747619, 0.06651212, 0.06963185, 0.24654256, 0.4752367, 0.092490464, -0.13648036, -0.1262758, 0.53074145, -0.23905846, -0.09900041, -0.25610903, 0.0060775373, -0.16064574, -0.23607144, -0.08304445, 0.13506855, 0.5556164, -0.18851665, 0.13074392, -0.36596268, -0.06872258, 0.15739217, 0.5053966, -0.22089538, -0.19629894, -0.005472996, 0.100982524, 0.20885664]
Q2_3 [-0.5001183, -0.007562131, 0.14013728, -0.1926961, 0.27659088, 0.10292737, -0.2495129, -0.06757566, -0.19741882, 0.13687906, -0.14596528, 0.13005145, 0.05191084, 0.033933386, 0.21944018, 0.42729923, 0.053639084, -0.116550565, -0.116322905, 0.47298518, -0.2297826, -0.10472409, -0.2529904, 0.009890182, -0.15298995, -0.18404002, -0.075215966, 0.117112696, 0.47892183, -0.16361088, 0.10750731, -0.32506248, -0.0499244, 0.12975936, 0.45494187, -0.19480506, -0.16391587, -0.008411539, 0.083203316, 0.1937435]
Q2_1 [-0.55060995, 0.00967464, 0.1436676, -0.18860096, 0.31867877, 0.09936925, -0.27263734, -0.065003335, -0.20897867, 0.1504682, -0.1638363, 0.16442809, 0.058721874, 0.06276504, 0.23691513, 0.4314766, 0.0771621, -0.1382483, -0.12269086, 0.50840193, -0.2407707, -0.10919043, -0.25764453, 0.021626262, -0.15914041, -0.21936597, -0.07109408, 0.11128198, 0.5274592, -0.18631984, 0.12940799, -0.35629475, -0.052349452, 0.15620044, 0.48824394, -0.1935516, -0.18754064, -0.010116345, 0.11557507, 0.19409582]
Q6_2 [-0.53182983, 0.00802073, 0.124750786, -0.19746621, 0.3053213, 0.116023175, -0.27762684, -0.065119565, -0.22043532, 0.15730454, -0.15520084, 0.13912065, 0.071338356, 0.0428759, 0.21522696, 0.46821672, 0.06613484, -0.13858694, -0.116639555, 0.5282504, -0.27295503, -0.13771471, -0.27887362, 0.015752546, -0.1482734, -0.22497863, -0.0795432, 0.121769585, 0.5337208, -0.18065418, 0.08310239, -0.34207717, -0.04682782, 0.13488497, 0.49983206, -0.21592115, -0.19989207, -0.014660515, 0.094582714, 0.19318663]
Q3_6 [-0.5476839, -0.009704996, 0.1533306, -0.2032301, 0.32238877, 0.11154069, -0.28417492, -0.06354291, -0.22823703, 0.16512217, -0.15146674, 0.15760674, 0.052658338, 0.053669836, 0.24809605, 0.45196038, 0.0789542, -0.12268918, -0.103235714, 0.5344007, -0.24930534, -0.11913884, -0.2461024, 0.015979335, -0.17269376, -0.22323073, -0.08247311, 0.14420831, 0.5255608, -0.1756465, 0.12822331, -0.36513832, -0.07088138, 0.15112358, 0.4777694, -0.21559517, -0.18040407, 0.0034275206, 0.1161108, 0.21144862]
Q1_2 [-0.5734604, 0.0027586936, 0.1552248, -0.19558851, 0.30837575, 0.11059112, -0.28922674, -0.0679089, -0.23847859, 0.15738253, -0.17357592, 0.16166991, 0.060473017, 0.04605608, 0.2336026, 0.46788326, 0.07882319, -0.1332663, -0.12852407, 0.56349355, -0.2651448, -0.1351535, -0.28535506, 0.010914843, -0.16864838, -0.21659349, -0.06362854, 0.12089351, 0.5479792, -0.16875613, 0.118208796, -0.36210206, -0.07333926, 0.14812477, 0.5136751, -0.221259, -0.19990195, 0.011151231, 0.09309329, 0.21918179]
Q2_5 [-0.560364, -0.014532547, 0.121711984, -0.20207207, 0.32619235, 0.11206493, -0.28088456, -0.089568295, -0.22847606, 0.15343057, -0.15345427, 0.1490077, 0.0715143, 0.049562197, 0.24866143, 0.47535947, 0.06262451, -0.14553405, -0.13000569, 0.5275193, -0.2701072, -0.14121266, -0.27491555, 0.019577494, -0.15717423, -0.22984233, -0.085510835, 0.1266272, 0.53945136, -0.1818573, 0.114751354, -0.36328796, -0.06492995, 0.14668801, 0.503703, -0.20588166, -0.20086385, 0.0015971055, 0.09334529, 0.1931802]
Q3_10 [-0.6236894, -0.0087356055, 0.1589195, -0.21113522, 0.33415684, 0.13061504, -0.31777212, -0.08245515, -0.2304122, 0.15303227, -0.1887796, 0.1844992, 0.062910296, 0.06272943, 0.25345877, 0.47585607, 0.08039627, -0.13288705, -0.12475792, 0.5914932, -0.26797602, -0.10018671, -0.28012726, 0.009277195, -0.1723286, -0.257602, -0.08056655, 0.15209228, 0.5931469, -0.2088078, 0.16359322, -0.38651127, -0.06091538, 0.18164857, 0.5343395, -0.23903546, -0.21157144, 0.020283017, 0.12385017, 0.22842468]
Q3_9 [-0.56985676, 0.009087477, 0.13727427, -0.18931955, 0.31316096, 0.11026979, -0.29145083, -0.062831536, -0.21951835, 0.17412907, -0.17677447, 0.17635684, 0.068083294, 0.046005167, 0.24773173, 0.45650673, 0.071179524, -0.14745834, -0.12736869, 0.5376165, -0.24539961, -0.12831128, -0.2685276, 0.019929564, -0.16920517, -0.24014735, -0.08661258, 0.14168766, 0.56239617, -0.18430121, 0.13657388, -0.35716853, -0.050225317, 0.15022646, 0.5016259, -0.220758, -0.20580052, -0.013007792, 0.09889898, 0.22066873]
Q3_8 [-0.6032468, 0.003243193, 0.1580578, -0.20333587, 0.3536936, 0.117750585, -0.3163011, -0.07983326, -0.22167245, 0.15889274, -0.17620994, 0.16126181, 0.06535747, 0.0512794, 0.26685974, 0.49411547, 0.08676165, -0.14665641, -0.10579639, 0.5877118, -0.24764362, -0.10112923, -0.28498244, 0.029162146, -0.1745409, -0.25679085, -0.07692954, 0.1520291, 0.5924921, -0.20590489, 0.16126592, -0.39310452, -0.05440417, 0.17022592, 0.51010454, -0.22414562, -0.21666265, 0.020630952, 0.12444269, 0.21613814]
Q17_1 [-0.5641006, -0.011908189, 0.12489211, -0.20778607, 0.30316073, 0.10604218, -0.26654133, -0.07301525, -0.23737408, 0.16877475, -0.17100671, 0.15213954, 0.055765815, 0.04862159, 0.23620662, 0.47597632, 0.07539117, -0.12882258, -0.11902964, 0.5322144, -0.2703467, -0.1381061, -0.26448774, 0.020164067, -0.1558394, -0.23339099, -0.08075135, 0.12752996, 0.54294586, -0.18078096, 0.1019612, -0.3552256, -0.051684193, 0.14766869, 0.4978478, -0.21036988, -0.19814055, -0.0024485688, 0.11492113, 0.20728746]
Q17_3 [-0.58074766, -0.0065833996, 0.15694527, -0.20873491, 0.33024904, 0.117572285, -0.29062048, -0.08637592, -0.22350456, 0.16429925, -0.17524202, 0.16322994, 0.07130883, 0.07239086, 0.2546733, 0.46624568, 0.077885486, -0.1562072, -0.11140215, 0.56254935, -0.24432702, -0.1007976, -0.25597748, 0.020624077, -0.16530739, -0.2418506, -0.08700606, 0.1352772, 0.56000704, -0.17595772, 0.14923535, -0.37490377, -0.052868277, 0.15065561, 0.48548386, -0.2273689, -0.19413026, 0.0012789639, 0.1101395, 0.21718915]
Q1_1 [-0.5468857, 0.0070934007, 0.1455802, -0.18907525, 0.31462112, 0.10636679, -0.2813632, -0.07819147, -0.21388975, 0.14899957, -0.14185037, 0.13765682, 0.06619188, 0.05533754, 0.23018505, 0.4512619, 0.057870395, -0.13136865, -0.116955206, 0.5320718, -0.26807785, -0.13016216, -0.26464084, 0.02907323, -0.1507521, -0.22354454, -0.063199595, 0.1153237, 0.5264102, -0.17962888, 0.09850592, -0.35816765, -0.054332867, 0.14639604, 0.4755024, -0.21242298, -0.19433957, 0.0033257194, 0.09428618, 0.20828797]
Q1_3 [-0.4971788, -0.013388551, 0.11731392, -0.16237858, 0.2818347, 0.10803851, -0.23950575, -0.06738781, -0.1762217, 0.1273351, -0.14995718, 0.12614895, 0.044548716, 0.05377405, 0.20315035, 0.39916715, 0.07208562, -0.11613942, -0.09627601, 0.47299355, -0.2143646, -0.08748668, -0.23549564, 0.010403534, -0.1335818, -0.18729618, -0.07551335, 0.10395827, 0.46294868, -0.14651276, 0.10319129, -0.32338604, -0.04754087, 0.14404808, 0.41859567, -0.18075007, -0.17818467, -0.0053875796, 0.0953199, 0.16924672]
Q4_2 [-0.49748275, -0.0037394338, 0.11915127, -0.1663326, 0.28016427, 0.09391587, -0.24940622, -0.08157587, -0.20739476, 0.14879836, -0.13200745, 0.13395895, 0.065127306, 0.06329276, 0.22520375, 0.42773154, 0.060722746, -0.13781364, -0.101809785, 0.49440747, -0.2418624, -0.11072809, -0.23553154, 0.020284783, -0.13382168, -0.22294174, -0.06141553, 0.11969549, 0.5011992, -0.15303846, 0.111583084, -0.32537058, -0.049172223, 0.13790733, 0.43806687, -0.18458578, -0.18505949, 0.009839463, 0.10074682, 0.19339406]
Q7_2 [-0.65080047, 0.012139005, 0.16260946, -0.2180286, 0.3675369, 0.13410711, -0.31476712, -0.07700462, -0.2639946, 0.1675732, -0.18504448, 0.18411765, 0.072720766, 0.05631241, 0.27132818, 0.5252654, 0.07795718, -0.17169413, -0.1274123, 0.6318489, -0.29920298, -0.13202126, -0.32023627, 0.013016894, -0.17467107, -0.24541174, -0.07967612, 0.13590431, 0.62236136, -0.20678106, 0.13726822, -0.40605456, -0.05744445, 0.15999417, 0.55841595, -0.2534301, -0.23854522, 0.000878508, 0.11495259, 0.232261]
Q1_4 [-0.5264882, -0.0069267643, 0.13177581, -0.2007973, 0.28803077, 0.1126518, -0.26888, -0.07422556, -0.21950881, 0.13378157, -0.15523104, 0.13727672, 0.048605263, 0.061318923, 0.23729038, 0.4494421, 0.06532135, -0.1408051, -0.11305837, 0.52171516, -0.2376846, -0.10878949, -0.2608385, 0.016954888, -0.14632455, -0.20725493, -0.062034678, 0.13152531, 0.4988729, -0.17067146, 0.11759797, -0.348318, -0.051382884, 0.15208338, 0.46344003, -0.21141542, -0.18599343, -0.0028839607, 0.108043425, 0.21080747]
Q3_11 [-0.58384246, 0.0069420207, 0.1534379, -0.21069402, 0.33066392, 0.12100063, -0.30023274, -0.07565794, -0.22127442, 0.16674493, -0.17317988, 0.17814426, 0.07596602, 0.05032048, 0.25094572, 0.47130588, 0.07228611, -0.14982632, -0.10762032, 0.54494625, -0.23989122, -0.09925294, -0.25545186, 0.0066091157, -0.15672868, -0.23203276, -0.066090465, 0.1249161, 0.55108744, -0.18722798, 0.13915823, -0.35083687, -0.049349584, 0.16284747, 0.5018911, -0.202634, -0.2062763, 0.012978871, 0.12441215, 0.20411506]
Q5_4 [-0.5667337, -0.00063342246, 0.13768248, -0.19676004, 0.30616283, 0.11929377, -0.27934688, -0.07023906, -0.20630753, 0.15270165, -0.16323328, 0.1670137, 0.05290777, 0.059366703, 0.23268206, 0.43889406, 0.08264736, -0.13223608, -0.11905043, 0.530014, -0.25627202, -0.10102332, -0.2660059, 0.016145434, -0.14863835, -0.23565622, -0.07663391, 0.12741007, 0.52800834, -0.19002388, 0.12768754, -0.3435643, -0.06956696, 0.16074936, 0.49534518, -0.20628464, -0.20200369, 0.006892591, 0.10647727, 0.19896643]
Q5_1 [-0.4840279, -0.007903405, 0.11644607, -0.1508867, 0.25329494, 0.10482851, -0.25113025, -0.069203734, -0.18422633, 0.13099751, -0.13387099, 0.13346902, 0.06374386, 0.054736044, 0.19892108, 0.38009235, 0.062174425, -0.12872623, -0.092309445, 0.45876557, -0.23668274, -0.11480946, -0.23777924, 0.024916809, -0.14332485, -0.19991584, -0.061896995, 0.106773175, 0.47257248, -0.1616284, 0.09766625, -0.3076123, -0.05472576, 0.13018803, 0.41446075, -0.16723043, -0.18046205, -0.0033205096, 0.08431445, 0.17633769]
Q4_1 [-0.33060056, 0.004272, 0.07750806, -0.12737072, 0.19902244, 0.07517748, -0.1665633, -0.039756022, -0.14159231, 0.10263239, -0.10799734, 0.09085945, 0.04368904, 0.02190176, 0.14182924, 0.27420327, 0.038454093, -0.09156896, -0.072443634, 0.31018385, -0.15418696, -0.07670148, -0.15120135, 0.016450854, -0.08970661, -0.1345381, -0.034047384, 0.07519906, 0.33297527, -0.09224988, 0.07267145, -0.20389433, -0.044369146, 0.092283666, 0.30266413, -0.12655929, -0.11381845, 0.013378003, 0.055845678, 0.13564223]
Q3_12 [-0.2766686, -0.0069435914, 0.059179023, -0.087293416, 0.1508574, 0.06589248, -0.13899563, -0.04072059, -0.10294256, 0.0739499, -0.08702169, 0.08521074, 0.023694463, 0.03984062, 0.1267485, 0.22765537, 0.026446806, -0.06346664, -0.045975383, 0.25202858, -0.12611997, -0.06311303, -0.13684832, -0.00081200735, -0.08529664, -0.116469964, -0.042499285, 0.05742778, 0.27216634, -0.09736802, 0.06843673, -0.18027887, -0.029984774, 0.07075732, 0.2531925, -0.11204149, -0.09101016, 0.0021200483, 0.051062986, 0.09840243]
