Q7_1 [0.2712217, -0.449059, 0.013777117, -0.22244136, -0.022250209, -0.1344561, 0.25018036, -0.170414, -0.05787, -0.2819198, -0.2693131, 0.04047873, 0.25603494, -0.26415884, 0.34189036, -0.011111237, -0.0014790989, -0.037761655, 0.03291184, -0.09054056, -0.0912253, 0.015857628, -0.028985163, 0.26570553, 0.26274604, 0.120252706, -0.20308143, -0.26254112, -0.11389641, -0.04231237, 0.34789026, -0.15762462, 0.05650812, 0.21452715, -0.21072482, -0.32253557, 0.23407488, -0.16599448, -0.014766866, -0.042879257]
Q6_1 [0.28618404, -0.48337775, 0.01797607, -0.2358106, -0.017949335, -0.13972151, 0.256916, -0.16872881, -0.046665996, -0.2816068, -0.2715976, 0.047570214, 0.24128796, -0.27361822, 0.3409228, -0.0071692825, -0.025895506, -0.027139992, 0.041837927, -0.07435176, -0.08871074, 0.0016374344, -0.02827603, 0.2698321, 0.25204045, 0.14890783, -0.2047141, -0.26856044, -0.109688096, -0.057367202, 0.34703052, -0.14985994, 0.04325935, 0.22720374, -0.23014838, -0.3294099, 0.24857323, -0.14933324, -0.004837838, -0.040228307]
Q3_3 [0.25978252, -0.45933655, 0.0028504883, -0.23799916, -0.046466775, -0.13852303, 0.22718473, -0.151819, -0.06456137, -0.27874878, -0.25014237, 0.043335304, 0.2403939, -0.26597208, 0.34786546, -0.0027557206, -0.009934812, -0.027342439, 0.04503179, -0.07083359, -0.092380576, 0.0023876892, -0.026842412, 0.26335958, 0.2446402, 0.13366951, -0.19881673, -0.2508693, -0.123976424, -0.060083598, 0.3436046, -0.13607264, 0.062123828, 0.23779133, -0.20188366, -0.32356155, 0.24570006, -0.1598569, -0.011141272, -0.031420182]
Q3_1 [0.27650705, -0.4818007, 0.00390263, -0.22479285, -0.056848776, -0.14129914, 0.2509532, -0.16986626, -0.058497928, -0.279451, -0.28490975, 0.035169814, 0.24853972, -0.2574728, 0.35452443, -0.027924253, -0.007619652, -0.029321423, 0.04127509, -0.089626566, -0.081073396, 0.008684846, -0.013903988, 0.27887484, 0.27554506, 0.15277347, -0.20353878, -0.27658316, -0.1266847, -0.076015346, 0.36996102, -0.1591794, 0.06660327, 0.23746142, -0.22280939, -0.33801746, 0.23483206, -0.17203951, -0.008106179, -0.025337875]
Q3_4 [0.29361847, -0.5269276, 0.013699375, -0.24530406, -0.033323627, -0.15189378, 0.2711584, -0.15308699, -0.037178747, -0.3089271, -0.27140635, 0.046580262, 0.2656353, -0.30311957, 0.37679854, -0.017692685, -0.03360685, -0.030760773, 0.055516094, -0.08689549, -0.072566204, 0.0046654395, -0.018445365, 0.2991665, 0.27555087, 0.15066507, -0.22570011, -0.2892371, -0.13565794, -0.06796841, 0.3635583, -0.15892555, 0.05673221, 0.2550283, -0.23835647, -0.34892622, 0.26109856, -0.17128688, -0.022578847, -0.03507124]
Q3_2 [0.28728122, -0.5060336, 0.014046804, -0.2567684, -0.04753119, -0.14451925, 0.26079708, -0.17161417, -0.06203539, -0.27653795, -0.29182708, 0.023247777, 0.26984516, -0.26209125, 0.37158227, -0.0073879967, -0.01817215, -0.032920614, 0.022017116, -0.09898516, -0.06990338, -0.011894989, -0.008754343, 0.29211283, 0.29109877, 0.1364594, -0.21936877, -0.27937672, -0.14213687, -0.06215516, 0.37339824, -0.14523864, 0.068619125, 0.26139915, -0.20564021, -0.322252, 0.25075722, -0.16430122, -0.007819179, -0.027159927]
Q2_2 [0.2823884, -0.47790128, 0.019277267, -0.21383166, -0.04028484, -0.13716535, 0.24709745, -0.14586332, -0.04567762, -0.27161622, -0.26090127, 0.029347975, 0.2533709, -0.24956764, 0.36310503, -0.011919286, -0.01712665, -0.034077283, 0.03133485, -0.073876776, -0.06106679, 0.00026379866, -0.008058867, 0.28595644, 0.26650882, 0.13973987, -0.21852252, -0.27211848, -0.12674887, -0.08184679, 0.3566714, -0.14774947, 0.06727349, 0.25659359, -0.21305102, -0.3010991, 0.23663668, -0.1610595, -0.017884929, -0.015858043]
Q8_2 [0.27735558, -0.48596448, 0.0129334405, -0.2317966, -0.042563442, -0.15786792, 0.24304141, -0.16776958, -0.048757367, -0.29096004, -0.2656177, 0.016858183, 0.23651263, -0.26764533, 0.34396622, -0.02789412, -0.024639973, -0.026692094, 0.03426814, -0.09924667, -0.06086826, 0.0011051906, -0.01558257, 0.2871085, 0.27270147, 0.13592488, -0.20344543, -0.2641876, -0.13337226, -0.09123668, 0.33824876, -0.16268642, 0.045442913, 0.2301956, -0.21857123, -0.3181073, 0.23699455, -0.14345388, 0.002578261, -0.022754172]
Q5_3 [0.26984665, -0.4482549, 0.017095251, -0.20626616, -0.04951267, -0.15016742, 0.22535315, -0.14427555, -0.041817497, -0.24680509, -0.2616864, 0.043843437, 0.21954127, -0.2615132, 0.32494152, -0.022057453, -0.007689608, -0.012119896, 0.03806421, -0.09047584, -0.06278904, 0.014547349, -0.026641142, 0.26501825, 0.2511082, 0.14360489, -0.20294413, -0.26318535, -0.12570673, -0.055861145, 0.330896, -0.14968978, 0.068323046, 0.22183907, -0.21583302, -0.3099846, 0.22400492, -0.15530488, -0.012148263, -0.02674519]
Q8_1 [0.29266587, -0.49642012, 0.02145589, -0.24241029, -0.040937338, -0.1679541, 0.26045758, -0.14612804, -0.064565, -0.26962656, -0.28871056, 0.019519098, 0.25629765, -0.26172087, 0.35449234, -0.018162454, -0.02548742, -0.040097628, 0.03664759, -0.09299801, -0.07386265, 0.008139545, -0.0031869384, 0.27820128, 0.27932063, 0.13186376, -0.22494026, -0.26649383, -0.1434595, -0.08146994, 0.3561454, -0.13762942, 0.06941118, 0.252227, -0.2251666, -0.3105603, 0.23130625, -0.15980269, 0.001234852, -0.040823333]
Q17_2 [0.30140853, -0.51101846, -0.0040184213, -0.25076675, -0.049449038, -0.15993461, 0.26333785, -0.17603354, -0.079068184, -0.3008989, -0.28535452, 0.021517316, 0.270992, -0.2770684, 0.35777497, -0.020357523, -0.016550103, -0.036441214, 0.029515628, -0.078550376, -0.09051651, -0.003030667, -0.011147364, 0.29002208, 0.28801164, 0.14172834, -0.23530646, -0.28644815, -0.14459985, -0.057261612, 0.37477618, -0.17181641, 0.069683604, 0.2567074, -0.21601997, -0.34861237, 0.2593544, -0.16669863, 0.005627376, -0.037247773]
Q3_5 [0.31055906, -0.4948517, 0.010215742, -0.24129987, -0.046938285, -0.15137441, 0.25147462, -0.15807596, -0.079196766, -0.28911167, -0.30799013, 0.03801824, 0.25828367, -0.27730557, 0.3702266, -0.00742002, -0.010876577, -0.02437377, 0.031072734, -0.07885175, -0.0988412, -0.0043435637, -0.003169061, 0.30140015, 0.27481282, 0.1440714, -0.21503842, -0.28967968, -0.14453493, -0.06621546, 0.38614258, -0.17873749, 0.06793772, 0.26101983, -0.226309, -0.34553695, 0.27120578, -0.16912445, -0.015915869, -0.032284565]
Q4_3 [0.27832168, -0.47940147, -0.0063548354, -0.2388273, -0.029221246, -0.1402078, 0.23438418, -0.1561255, -0.05952512, -0.2681701, -0.2753349, 0.038650766, 0.25460663, -0.2662134, 0.3677292, -0.021571752, -0.013060353, -0.032398034, 0.03760035, -0.08783715, -0.076056845, -0.010177105, -0.027927462, 0.27600566, 0.27547264, 0.13334787, -0.20315622, -0.27215478, -0.11574043, -0.038809136, 0.3563297, -0.15860954, 0.057151515, 0.22603105, -0.23123506, -0.32062963, 0.23832825, -0.1621483, -0.017049428, -0.0473795]
Q17_4 [0.31066763, -0.536585, 0.007122831, -0.27721527, -0.027480729, -0.17142585, 0.26705638, -0.18456963, -0.056521147, -0.32437775, -0.31315205, 0.035292078, 0.28163436, -0.3047769, 0.40101162, -0.02316774, -0.029360801, -0.027155686, 0.033099435, -0.08720336, -0.08381487, -0.005967449, -0.020577941, 0.3025133, 0.3009969, 0.16236801, -0.21990874, -0.3022054, -0.1471889, -0.069574356, 0.39249223, -0.1533151, 0.06328961, 0.26088586, -0.22363782, -0.34787408, 0.28878087, -0.1656766, -0.006276902, -0.02060305]
Q5_2 [0.32820913, -0.5451666, 0.0075719133, -0.27009386, -0.023306623, -0.18248296, 0.28284547, -0.18251601, -0.047227558, -0.31640875, -0.3097357, 0.041997053, 0.26344603, -0.3126822, 0.40828323, -0.019921832, -0.02928528, -0.025586521, 0.049766216, -0.07223157, -0.086778924, 0.007565697, -0.0013145034, 0.32519686, 0.29287213, 0.14961016, -0.2358712, -0.30018738, -0.15753187, -0.08551952, 0.38479248, -0.16484177, 0.06725518, 0.27251756, -0.24769832, -0.3609878, 0.2726423, -0.1723259, 0.00017975594, -0.04578054]
Q4_4 [0.33893165, -0.5611759, 0.015932547, -0.28165597, -0.027496578, -0.16418678, 0.27087122, -0.193468, -0.082640454, -0.31724384, -0.33225936, 0.030366275, 0.2768674, -0.3021043, 0.42470047, -0.033593893, -0.00789033, -0.031325247, 0.016829459, -0.082618035, -0.08466014, 0.011809737, -0.020632908, 0.32989362, 0.33144906, 0.1511802, -0.25082278, -0.3071954, -0.15428849, -0.081554964, 0.41029665, -0.19133642, 0.051739983, 0.2972816, -0.25764167, -0.36827996, 0.28042728, -0.18079329, 0.0021342298, -0.026545877]
Q1_5 [0.29023564, -0.46282768, 0.0052521783, -0.24548627, -0.025157161, -0.14872418, 0.23666629, -0.15541352, -0.07319282, -0.27342412, -0.28004903, 0.027286988, 0.25100544, -0.25921243, 0.35627204, -0.018086972, -0.012035306, -0.018672394, 0.017836487, -0.0883329, -0.07643796, -0.012398957, -0.0037541299, 0.2712491, 0.2657388, 0.122274406, -0.20313899, -0.2569331, -0.12364245, -0.060818832, 0.34118327, -0.16069983, 0.05991207, 0.24798611, -0.22383204, -0.32252127, 0.25200596, -0.16376424, -0.009408376, -0.03788411]
Q2_4 [0.32550716, -0.5570114, -0.0052639237, -0.27355477, -0.05151986, -0.17406492, 0.27948272, -0.17198604, -0.07831768, -0.3130639, -0.30790067, 0.030140597, 0.26773122, -0.31210637, 0.39762983, -0.01979964, -0.028265337, -0.024925238, 0.03613548, -0.09862735, -0.101036124, 0.012810474, -0.021932002, 0.32039517, 0.3179348, 0.15183227, -0.25153366, -0.30009407, -0.1446252, -0.09014717, 0.4168154, -0.17839767, 0.075002454, 0.27597478, -0.23863061, -0.36841238, 0.26726514, -0.1870718, -0.0061363447, -0.027373688]
Q3_7 [0.33826092, -0.5739581, 0.0017845989, -0.29638728, -0.047241796, -0.18520515, 0.28998533, -0.19846088, -0.07181489, -0.34132338, -0.34702045, 0.03389711, 0.27626434, -0.3131442, 0.41155404, -0.039661467, -0.023263777, -0.028574757, 0.014330511, -0.10940599, -0.10420645, 0.014599928, -0.002389072, 0.3463094, 0.32194394, 0.17383319, -0.2517633, -0.2943182, -0.14113371, -0.0974799, 0.4320735, -0.18144295, 0.053437106, 0.29374927, -0.2538111, -0.3769123, 0.29068232, -0.19994539, -0.01654461, -0.028860938]
Q2_3 [0.31620166, -0.55270994, -0.0014317131, -0.28411037, -0.027403338, -0.16781679, 0.2607839, -0.17361777, -0.0596765, -0.31931713, -0.30999964, 0.029131243, 0.2639874, -0.30748498, 0.4133223, -0.032330565, -0.014110314, -0.027316011, 0.013915798, -0.099002674, -0.082803346, -0.005360719, -0.024046129, 0.31512275, 0.32189924, 0.14535709, -0.24151644, -0.27737948, -0.13932224, -0.08775981, 0.4079797, -0.18676914, 0.062382966, 0.29573968, -0.24724673, -0.35133743, 0.27982473, -0.17475729, 0.005998213, -0.025434429]
Q2_1 [0.3385355, -0.5313767, 0.0026798877, -0.26734433, -0.03462265, -0.16430199, 0.28187862, -0.18268436, -0.07273893, -0.3147202, -0.33221257, 0.037774254, 0.29113755, -0.30803165, 0.4073832, -0.036129847, -0.014683519, -0.032381896, 0.010275682, -0.09124127, -0.102444835, -0.0022975593, -0.0063250964, 0.3354718, 0.31676283, 0.16953678, -0.24304219, -0.29897138, -0.13819036, -0.09368393, 0.41572794, -0.19420028, 0.057241865, 0.29310074, -0.26410913, -0.35521215, 0.2868385, -0.18895958, -0.012045389, -0.022956742]
Q6_2 [0.3481963, -0.6230483, 0.02585872, -0.29870492, -0.018719003, -0.18956998, 0.30905926, -0.19434491, -0.0722865, -0.3570009, -0.35464203, 0.033836313, 0.28867075, -0.3579154, 0.44286436, -0.020887306, -0.024255622, -0.033692718, 0.046010584, -0.10448154, -0.09361477, 0.0063793566, -0.010177562, 0.36005372, 0.35154176, 0.18149501, -0.2699275, -0.31976044, -0.16155598, -0.092326954, 0.4415903, -0.18943864, 0.054623567, 0.31384495, -0.2858193, -0.39745173, 0.30588666, -0.20942841, -0.009138558, -0.03308137]
Q3_6 [0.35855526, -0.5642489, 0.014965473, -0.26689348, -0.04472795, -0.20236664, 0.29152754, -0.18060054, -0.07377541, -0.3214749, -0.35683423, 0.051666003, 0.2818771, -0.31514326, 0.43060908, -0.009110484, -0.0008319333, -0.039337113, 0.013542923, -0.0888198, -0.08734629, 0.0012776176, -0.008466714, 0.33487082, 0.3384577, 0.1582762, -0.2582973, -0.30854672, -0.16693828, -0.07792287, 0.42054307, -0.18786474, 0.06425742, 0.30195442, -0.2560159, -0.37641513, 0.29902714, -0.19046375, 0.0056996434, -0.024753962]
Q1_2 [0.3247713, -0.5424522, 0.013023319, -0.2882548, -0.038682997, -0.17347704, 0.26693204, -0.1958916, -0.06730398, -0.33502734, -0.3101101, 0.034001395, 0.26867053, -0.30841842, 0.39078647, -0.01461771, -0.016223975, -0.014678301, 0.038433477, -0.0923104, -0.08438802, -0.012660879, -0.020768294, 0.33463958, 0.32025552, 0.17623754, -0.2389925, -0.31176135, -0.14691111, -0.085790925, 0.41370004, -0.18022498, 0.054230355, 0.275735, -0.23601946, -0.3629545, 0.2869187, -0.18718173, -0.016238976, -0.028287686]
Q2_5 [0.3449733, -0.5945264, 0.0051437495, -0.309367, -0.020055715, -0.18307385, 0.29602146, -0.20082238, -0.087529354, -0.3504648, -0.34679976, 0.05389287, 0.30988473, -0.33493927, 0.45465162, -0.025657842, -0.011313102, -0.023738451, 0.038852982, -0.09785408, -0.09788775, -0.009034806, -0.004369853, 0.35542804, 0.34928542, 0.16452147, -0.26577052, -0.32053947, -0.15174662, -0.07218723, 0.43625283, -0.1963899, 0.06773115, 0.31143636, -0.27877524, -0.381424, 0.30972326, -0.21020071, 0.0018435428, -0.049415965]
Q3_10 [0.3597456, -0.6274333, 0.0054801, -0.31736356, -0.026244503, -0.22284822, 0.31835684, -0.215649, -0.08636078, -0.35344884, -0.38875577, 0.042144027, 0.31556427, -0.35727265, 0.4482578, -0.035531536, -0.013732563, -0.025133414, 0.014474697, -0.09016394, -0.09180124, -0.0015743147, 0.00022621457, 0.37141037, 0.37802273, 0.1800891, -0.28805467, -0.32555634, -0.16318509, -0.083218195, 0.46408674, -0.18899009, 0.07709833, 0.32895765, -0.29766923, -0.40044776, 0.30586842, -0.21571022, -0.0017239234, -0.031570423]
Q3_9 [0.3453855, -0.56878, -0.005887744, -0.2824184, -0.040408574, -0.19376042, 0.28778234, -0.19197868, -0.08446693, -0.32387137, -0.3390864, 0.049425535, 0.29399294, -0.32643798, 0.41984114, -0.027613843, -0.00457528, -0.020213176, 0.037706286, -0.09030491, -0.102502204, 0.00070418156, -0.022790285, 0.3367785, 0.33252406, 0.16749159, -0.24179345, -0.3105141, -0.15806724, -0.071541935, 0.419629, -0.17942266, 0.0572653, 0.30219898, -0.26572785, -0.3755343, 0.2953079, -0.19344606, -0.018191453, -0.033564527]
Q3_8 [0.3613719, -0.6052771, 0.013394412, -0.30903453, -0.03229974, -0.21660513, 0.29058832, -0.20612612, -0.09885705, -0.33863005, -0.38153142, 0.04354306, 0.31443068, -0.3426984, 0.45052996, -0.03867948, -0.0020669699, -0.043183945, 0.01816059, -0.084624335, -0.10153155, 0.009987242, -0.0028585254, 0.33747116, 0.36260405, 0.17096636, -0.2632493, -0.3155461, -0.15788443, -0.07733632, 0.45795998, -0.1812574, 0.066544734, 0.32827595, -0.2713016, -0.40330526, 0.3158752, -0.20889443, 0.0075870017, -0.045986086]
Q17_1 [0.3298166, -0.5335524, 0.0043444163, -0.26524222, -0.023474203, -0.18210126, 0.28250647, -0.17551778, -0.067536145, -0.325787, -0.32471737, 0.04075604, 0.29318097, -0.3066584, 0.4057036, -0.028401522, -0.022408219, -0.044791345, 0.024359884, -0.07559462, -0.09276471, 0.0028881324, -0.0051015257, 0.3099645, 0.31799692, 0.14929223, -0.23817545, -0.28709614, -0.1332436, -0.06225105, 0.3970609, -0.16834089, 0.059486106, 0.28459877, -0.25298396, -0.36214662, 0.28663805, -0.18194382, -0.003785514, -0.050000682]
Q17_3 [0.34966582, -0.5810339, 0.00054702564, -0.2918393, -0.04850979, -0.19958945, 0.2890448, -0.18900052, -0.074738406, -0.3391152, -0.3479528, 0.02728963, 0.29042923, -0.32437164, 0.42950368, -0.025658954, -0.017633868, -0.03359049, 0.038229614, -0.106972, -0.09090359, 0.005802629, -0.010266943, 0.33060056, 0.33256894, 0.17888366, -0.25731656, -0.3179745, -0.16500884, -0.09141623, 0.4315262, -0.18388233, 0.07064804, 0.29723758, -0.25910214, -0.3965456, 0.2842492, -0.19243899, 0.0006747638, -0.021454953]
Q1_1 [0.3190544, -0.52206606, -0.0022461093, -0.26258704, -0.04523253, -0.16860102, 0.26631677, -0.17111021, -0.07891734, -0.31267354, -0.32040367, 0.027344992, 0.27905306, -0.28517976, 0.39415777, -0.014489999, -0.0108734, -0.02125361, 0.037793767, -0.09242308, -0.083679736, -0.0021604376, -0.008004119, 0.30456638, 0.3085127, 0.14387065, -0.23647211, -0.2883582, -0.14947431, -0.07582878, 0.3980208, -0.16886725, 0.044704933, 0.26060063, -0.24126238, -0.35812747, 0.27892032, -0.18326552, -0.00039218515, -0.026786815]
Q1_3 [0.3113245, -0.51049256, 0.00382913, -0.25981668, -0.026604168, -0.16160376, 0.25701293, -0.16242415, -0.0712962, -0.2984495, -0.31246066, 0.02691236, 0.26608768, -0.29219854, 0.38799044, -0.02605691, -0.017769035, -0.03259345, 0.026209213, -0.09149002, -0.09262853, 0.0014647426, 0.0032453546, 0.28375664, 0.28803378, 0.13312176, -0.21491037, -0.2661264, -0.123462595, -0.06464528, 0.37232167, -0.16175094, 0.046177056, 0.2646789, -0.22045913, -0.32963684, 0.26323056, -0.17972633, -0.011963768, -0.030953187]
Q4_2 [0.33201423, -0.55690014, 0.016312847, -0.27305654, -0.04321111, -0.17746812, 0.28427604, -0.17436934, -0.065960094, -0.3229049, -0.32466704, 0.031470157, 0.28877568, -0.30055505, 0.40534976, -0.0193625, -0.027050922, -0.036791984, 0.041064624, -0.07812851, -0.09065343, -0.014084626, -0.024940535, 0.3257572, 0.30297467, 0.15844391, -0.22794294, -0.32026857, -0.13551065, -0.07721942, 0.40128797, -0.1855948, 0.056842033, 0.26650602, -0.2506154, -0.36284325, 0.2896519, -0.17362317, -0.015574196, -0.026017556]
Q7_2 [0.37282753, -0.62263924, 0.012893055, -0.3165416, -0.04531937, -0.21090923, 0.30733934, -0.21394984, -0.072694376, -0.35926205, -0.36941454, 0.05503189, 0.31560382, -0.33337697, 0.4518945, -0.02290064, -0.006304467, -0.04085266, 0.030733772, -0.092486076, -0.11162422, 0.012710215, -0.023439582, 0.35181636, 0.34168556, 0.18604633, -0.27809817, -0.34123802, -0.1586595, -0.0861488, 0.47240967, -0.20161091, 0.08404263, 0.30301118, -0.29364738, -0.40771952, 0.31385925, -0.20825733, -0.0011867044, -0.032200664]
Q1_4 [0.3542402, -0.56666195, -0.0005776762, -0.27680627, -0.053297818, -0.179937, 0.28510255, -0.18989371, -0.07636423, -0.32065988, -0.35408875, 0.03211593, 0.29562214, -0.30822584, 0.4136908, -0.017432686, 0.0014428666, -0.03624646, 0.023849666, -0.076835506, -0.08515124, -0.0098670395, -0.010912119, 0.3305519, 0.33542275, 0.17220636, -0.2535677, -0.2960169, -0.14989467, -0.06969628, 0.43185288, -0.1855691, 0.06401805, 0.2843881, -0.2693111, -0.38506436, 0.27841768, -0.18457736, 0.0050326157, -0.031324327]
Q3_11 [0.38225925, -0.58538294, -0.005478158, -0.29373306, -0.03511378, -0.20470262, 0.29984638, -0.20738424, -0.09900655, -0.3338801, -0.3801682, 0.043526962, 0.32483897, -0.32976145, 0.44296762, -0.025175566, 0.0027713224, -0.038588446, 0.008244064, -0.103626646, -0.11526185, 0.009015344, -0.007307537, 0.3586332, 0.35251674, 0.15961684, -0.26886576, -0.32240367, -0.17038655, -0.0964293, 0.4618071, -0.217454, 0.057213686, 0.33103582, -0.2654531, -0.40951195, 0.3219357, -0.20527945, -0.017141245, -0.041347947]
Q5_4 [0.35851946, -0.566056, 0.01087492, -0.28992444, -0.04490279, -0.20235902, 0.28036976, -0.19078177, -0.07588769, -0.3450853, -0.36300626, 0.03708617, 0.29858425, -0.32832417, 0.42292944, -0.025520386, -0.014281474, -0.040050622, 0.023316747, -0.09506713, -0.09520648, 0.009723508, -0.0060404153, 0.35133013, 0.32231846, 0.16372429, -0.25444224, -0.3137177, -0.15517162, -0.08684589, 0.43339297, -0.19637458, 0.06436577, 0.31082335, -0.27086735, -0.39197266, 0.29075655, -0.1891657, 0.0014068701, -0.043243334]
Q5_1 [0.29032713, -0.48416242, 0.019873466, -0.22580537, -0.030465463, -0.16491854, 0.23870115, -0.15646702, -0.045020916, -0.26303744, -0.26776072, 0.030028155, 0.23949413, -0.25947514, 0.35975996, -0.016311461, -0.011280471, -0.018341826, 0.035546727, -0.083145715, -0.068507105, 0.0010036425, -0.01572408, 0.28665522, 0.27236944, 0.14802714, -0.1983345, -0.2659544, -0.13280438, -0.07832828, 0.3552107, -0.15889092, 0.050294045, 0.2534905, -0.22258388, -0.30646127, 0.2535139, -0.16432922, -0.019809235, -0.021720065]
Q4_1 [0.22422299, -0.3668772, 0.014357223, -0.17851739, -0.03839653, -0.12924574, 0.17542931, -0.12050798, -0.042604215, -0.2130593, -0.20780623, 0.02555219, 0.18634102, -0.20846352, 0.27624145, -0.019802753, -3.4676564e-06, -0.01305738, 0.018252704, -0.051323734, -0.052889183, -0.0058712023, -0.01645007, 0.20891616, 0.20357525, 0.1177569, -0.16847348, -0.19935216, -0.11127777, -0.04762128, 0.27393353, -0.122329324, 0.036657076, 0.19216691, -0.16362752, -0.23566896, 0.18552758, -0.1148572, -0.010422261, -0.010232707]
Q3_12 [0.18470077, -0.29229176, 0.011634585, -0.15547085, -0.025535882, -0.0876908, 0.16402417, -0.11177402, -0.026909577, -0.18851079, -0.16614917, 0.02644963, 0.14325808, -0.17680822, 0.21497725, -0.016150787, -0.006359856, -0.017966028, 0.012251273, -0.05069781, -0.05845385, -0.0032276092, -0.0122325625, 0.1717131, 0.1617281, 0.09662582, -0.13718441, -0.16855033, -0.075273275, -0.043088946, 0.22492065, -0.10179068, 0.025229158, 0.15225765, -0.14938453, -0.20647465, 0.16311377, -0.10502755, -0.014386525, -0.029239884]
