Q7_1 [-0.037159983, 0.12106208, 0.02342802, 0.06144694, -0.23156242, 0.14308703, 0.27172193, -0.3342092, -0.18799037, -0.06512734, 0.2910124, 0.1030621, -0.28592578, 0.069123074, -0.061341893, -0.05118269, 0.41367638, -0.14874552, 0.19143927, -0.05482651, 0.04253927, 0.3333327, -0.34002775, 0.12148125, 0.15439503, -0.11331532, -0.041345615, -0.16361782, 0.006458961, -0.030539822, -0.14444356, -0.033756915, -0.015037845, 0.27168193, 0.060535528, 0.039809715, -0.08212845, -0.07826886, -0.3515249, 0.04362971]
Q6_1 [-0.051796157, 0.094455555, 0.027004631, 0.030962063, -0.2721951, 0.14520739, 0.25213534, -0.31141582, -0.19574714, -0.07249224, 0.265303, 0.082512625, -0.27566358, 0.05058168, -0.10181543, -0.0308156, 0.34217075, -0.16690902, 0.18524362, -0.055699024, 0.023007827, 0.30748886, -0.33911327, 0.09052093, 0.1621695, -0.122255445, -0.005062758, -0.20054448, 0.028814862, -0.04211635, -0.11936419, -0.037478503, -0.0041800532, 0.25052646, 0.058375146, 0.0530245, -0.08051537, -0.11108826, -0.36183935, 0.06429084]
Q3_3 [-0.06711644, 0.112374045, 0.04902571, 0.059613626, -0.27630693, 0.14266632, 0.2424294, -0.32873657, -0.2141188, -0.03758304, 0.2808137, 0.10555501, -0.29141957, 0.07599243, -0.08117268, -0.05728366, 0.41175437, -0.14903943, 0.1955941, -0.057261284, 0.06111823, 0.35130042, -0.37045154, 0.11797257, 0.17386086, -0.11665582, -0.0053843665, -0.19693814, 0.045479197, -0.043898653, -0.13895714, -0.038277343, -0.018716132, 0.26714456, 0.08796206, 0.04315756, -0.087248854, -0.104210496, -0.3729516, 0.07235683]
Q3_1 [-0.053488433, 0.122026265, 0.048072338, 0.079414055, -0.25566858, 0.14461374, 0.27565572, -0.37034613, -0.22128902, -0.028690308, 0.30601785, 0.13142775, -0.2889635, 0.080267295, -0.06525214, -0.05135151, 0.42799744, -0.1353067, 0.2026974, -0.090573214, 0.03463163, 0.3455123, -0.352103, 0.13583526, 0.15805863, -0.10838655, -0.040606704, -0.15805846, 0.02430512, -0.03235519, -0.14256524, -0.019133653, -0.026752453, 0.28131625, 0.084093615, 0.062041994, -0.09215637, -0.0986484, -0.3469437, 0.07141676]
Q3_4 [-0.043074597, 0.120272785, 0.04286554, 0.043401457, -0.26661098, 0.1606838, 0.2722469, -0.3355002, -0.21336062, -0.062777184, 0.28934693, 0.104601674, -0.31225386, 0.06814132, -0.09783972, -0.029531417, 0.4014946, -0.16484246, 0.18239518, -0.06688099, 0.024915805, 0.32831228, -0.37467352, 0.100073, 0.15054011, -0.09539717, -0.03599704, -0.17466375, 0.033904284, -0.04507974, -0.14056423, -0.04854874, -0.0019017939, 0.27293187, 0.08524562, 0.062392518, -0.06814054, -0.11141033, -0.37965035, 0.06009492]
Q3_2 [-0.074038796, 0.114432834, 0.029618695, 0.06404333, -0.28256524, 0.16759343, 0.28917614, -0.36969718, -0.22309823, -0.071241856, 0.3088965, 0.1021078, -0.30620882, 0.07474022, -0.09905595, -0.034164634, 0.4162054, -0.18868415, 0.19086114, -0.09480179, 0.052491788, 0.36822695, -0.3726008, 0.10695055, 0.16340835, -0.1021088, -0.028342994, -0.18630987, 0.01999499, -0.05467352, -0.14719704, -0.05312842, 0.0006879787, 0.28518316, 0.07583838, 0.04506921, -0.07618432, -0.09121015, -0.37314442, 0.081625596]
Q2_2 [-0.03723083, 0.10961681, 0.04950893, 0.024538012, -0.24808274, 0.1217167, 0.24117161, -0.31819755, -0.19872135, -0.0650313, 0.2546465, 0.09739594, -0.2829767, 0.067627214, -0.08534287, -0.02380157, 0.34562847, -0.161691, 0.17758939, -0.07644499, 0.01169788, 0.31359792, -0.31016302, 0.10184745, 0.13420203, -0.09006501, -0.030688968, -0.17815404, 0.0221984, -0.046614636, -0.10105011, -0.018521927, 0.0034979333, 0.23438491, 0.07380077, 0.04391941, -0.07215992, -0.09486928, -0.3249576, 0.06340432]
Q8_2 [-0.051176123, 0.10583667, 0.046537496, 0.053263657, -0.279628, 0.14350674, 0.2825588, -0.34120765, -0.21071872, -0.06747441, 0.30381334, 0.10763926, -0.31239086, 0.08161719, -0.09663665, -0.04852471, 0.37768435, -0.17749225, 0.18187787, -0.10173151, 0.05170361, 0.34734672, -0.34904927, 0.10435258, 0.17460163, -0.100451574, -0.022731613, -0.19474608, 0.033368815, -0.028130222, -0.13429834, -0.044423584, 0.005563803, 0.25868854, 0.07077823, 0.044800296, -0.070571855, -0.09911331, -0.3732063, 0.073292464]
Q5_3 [-0.03822469, 0.10096421, 0.044879235, 0.0389775, -0.2714671, 0.14113213, 0.2392448, -0.32606032, -0.18538868, -0.0420533, 0.2701773, 0.08449453, -0.28320748, 0.062435687, -0.07250658, -0.038481522, 0.36762705, -0.15819402, 0.16640481, -0.05590089, 0.050422154, 0.33008942, -0.34273875, 0.12056065, 0.16261935, -0.120425165, -0.010583591, -0.19778642, 0.025140692, -0.044265065, -0.11957743, -0.025303649, -0.020685421, 0.27136028, 0.07838527, 0.05815835, -0.08858535, -0.08849447, -0.35132143, 0.05717626]
Q8_1 [-0.06257597, 0.10873069, 0.025879154, 0.057378512, -0.24710144, 0.15496622, 0.25994673, -0.33681658, -0.19617477, -0.05155891, 0.28742608, 0.100878514, -0.28364033, 0.079091065, -0.08347278, -0.034543864, 0.38126016, -0.16513787, 0.18423264, -0.07796362, 0.040357262, 0.31288686, -0.3460248, 0.11157639, 0.15688528, -0.0989677, -0.032621756, -0.17303453, 0.030526873, -0.036891725, -0.12809345, -0.051682528, -0.017108563, 0.24912995, 0.06830338, 0.038271718, -0.06097893, -0.07651375, -0.34230977, 0.0637361]
Q17_2 [-0.051667463, 0.09698823, 0.047739737, 0.04878863, -0.24474221, 0.13441272, 0.2462909, -0.33096567, -0.21314265, -0.06590806, 0.26910403, 0.106530994, -0.28734308, 0.057596255, -0.08968229, -0.028543407, 0.38865617, -0.14842694, 0.19643565, -0.05298416, 0.047477912, 0.31602338, -0.34937683, 0.10444307, 0.14879927, -0.10776846, -0.028476987, -0.16634949, 0.014569615, -0.0289127, -0.123084195, -0.027457472, -0.012847798, 0.24680756, 0.08219492, 0.037391547, -0.083875015, -0.10481393, -0.3606736, 0.053487998]
Q3_5 [-0.054947026, 0.1012892, 0.04668705, 0.047829874, -0.2336735, 0.13243471, 0.22999915, -0.3134236, -0.19889207, -0.046022885, 0.2589957, 0.10992354, -0.27441072, 0.070619576, -0.08160875, -0.03135005, 0.38410148, -0.13845846, 0.1710436, -0.04743524, 0.030660324, 0.29563627, -0.33384946, 0.116769366, 0.13571031, -0.08222895, -0.022935608, -0.14744286, 0.029693313, -0.029251011, -0.12016532, -0.043491833, -0.008696295, 0.2554003, 0.070813075, 0.035853982, -0.0647795, -0.081687056, -0.33239478, 0.04156616]
Q4_3 [-0.04141494, 0.110973224, 0.04148288, 0.05466846, -0.22211893, 0.12419055, 0.2350459, -0.3010764, -0.17779697, -0.064135775, 0.2552295, 0.117429435, -0.2581137, 0.07854341, -0.055424597, -0.042294186, 0.37603614, -0.12499012, 0.15804486, -0.042737048, 0.03149565, 0.2944287, -0.3207176, 0.09378577, 0.14184484, -0.09389595, -0.019395601, -0.15042318, 0.027554514, -0.034508996, -0.12424916, -0.038580164, -0.021954086, 0.24742688, 0.06889547, 0.04977694, -0.07618134, -0.08828207, -0.3409396, 0.043648932]
Q17_4 [-0.053791713, 0.11304499, 0.05347137, 0.068266295, -0.26649335, 0.16935113, 0.28614718, -0.37027434, -0.23438302, -0.06727389, 0.31265056, 0.1408343, -0.30888292, 0.074018314, -0.07791665, -0.03866389, 0.4469111, -0.17304426, 0.2233586, -0.076358214, 0.058734484, 0.3570562, -0.36906993, 0.116177626, 0.18402974, -0.10460519, -0.04293544, -0.18733427, 0.018816767, -0.050419614, -0.15409654, -0.042592686, -0.0022155945, 0.28249374, 0.09177573, 0.03705082, -0.09345011, -0.110391654, -0.38736916, 0.062798955]
Q5_2 [-0.044542395, 0.091355875, 0.025235638, 0.086232714, -0.2600492, 0.15576808, 0.27933046, -0.34629628, -0.2151349, -0.035371862, 0.26932627, 0.1396691, -0.27221832, 0.085164405, -0.0820193, -0.053446174, 0.4164955, -0.14434937, 0.19266887, -0.08814614, 0.05256544, 0.35124674, -0.35201237, 0.10982017, 0.18008555, -0.10166199, -0.03909626, -0.16796742, 0.036298037, -0.04870296, -0.12708808, -0.036443554, -0.026697928, 0.2549897, 0.077666946, 0.045253117, -0.07106188, -0.077324905, -0.3657202, 0.05174065]
Q4_4 [-0.07649916, 0.1261894, 0.038637355, 0.078977935, -0.27080235, 0.15049832, 0.3027749, -0.38363925, -0.22551875, -0.0639709, 0.3093635, 0.16236469, -0.3034215, 0.07541234, -0.08667201, -0.068956144, 0.44871244, -0.14430907, 0.21761757, -0.08203195, 0.044561226, 0.38180304, -0.38916948, 0.1208301, 0.18430251, -0.09187028, -0.05252933, -0.17414516, 0.043594208, -0.052517354, -0.14504729, -0.04501893, -0.014680749, 0.28964433, 0.09524565, 0.051120374, -0.088627316, -0.10465895, -0.37983453, 0.0768182]
Q1_5 [-0.09247291, 0.13070287, 0.04385106, 0.14888406, -0.32892486, 0.19657272, 0.3657403, -0.47725976, -0.28488106, -0.05250941, 0.36116636, 0.20073329, -0.36152068, 0.107118644, -0.10879385, -0.09013393, 0.52945447, -0.16930139, 0.27249634, -0.112745024, 0.06276682, 0.44787785, -0.44386157, 0.14590141, 0.24646954, -0.105204925, -0.050194312, -0.16259354, 0.033119824, -0.028184904, -0.16279207, -0.06535136, -0.022244614, 0.3512955, 0.100198604, 0.072647646, -0.09074266, -0.10220462, -0.4512797, 0.07408735]
Q2_4 [-0.07568044, 0.13428642, 0.03542535, 0.11033749, -0.27253675, 0.16768387, 0.33239925, -0.41992417, -0.24862398, -0.04454071, 0.32411456, 0.15376705, -0.32929686, 0.10384588, -0.081019, -0.072394684, 0.4913388, -0.16289665, 0.23333636, -0.08915835, 0.056031767, 0.40817526, -0.40929353, 0.13510478, 0.19078287, -0.09306154, -0.047313478, -0.18353759, 0.04007015, -0.051953334, -0.1497018, -0.03623175, -0.030384926, 0.29196736, 0.094829954, 0.043017205, -0.0897356, -0.09951588, -0.40693098, 0.07258715]
Q3_7 [-0.080725245, 0.10755323, 0.0554249, 0.13089915, -0.29854652, 0.17879733, 0.33192042, -0.4148855, -0.2514737, -0.055794563, 0.33711663, 0.17558448, -0.34656832, 0.08913759, -0.098048866, -0.06938867, 0.48933682, -0.1572201, 0.24440359, -0.10861363, 0.061870553, 0.420086, -0.4115683, 0.12775905, 0.19856235, -0.0967282, -0.04124042, -0.1773459, 0.035329137, -0.024990523, -0.16562673, -0.050635997, -0.021623593, 0.32674897, 0.08621225, 0.043277983, -0.095458366, -0.102364615, -0.42206156, 0.0676005]
Q2_3 [-0.07002183, 0.13206951, 0.047771044, 0.12049477, -0.27401313, 0.18284518, 0.35212135, -0.42201483, -0.26766902, -0.04152326, 0.3381036, 0.16953672, -0.3285439, 0.10720066, -0.07382914, -0.061552003, 0.4970681, -0.17657952, 0.23603082, -0.122592136, 0.054883968, 0.4158153, -0.40112823, 0.13867168, 0.2179991, -0.08968601, -0.06505137, -0.15849797, 0.036687672, -0.031694464, -0.13986835, -0.04768174, -0.019886823, 0.31307232, 0.09937817, 0.04802854, -0.07643725, -0.07395354, -0.41225347, 0.069208436]
Q2_1 [-0.07607609, 0.11295081, 0.05394277, 0.15781032, -0.31289768, 0.17122369, 0.3567858, -0.45550472, -0.28087002, -0.048323017, 0.35966092, 0.18890186, -0.34426585, 0.09915831, -0.09661227, -0.06964411, 0.52747136, -0.16322148, 0.263805, -0.10864391, 0.07930354, 0.42179, -0.41509894, 0.16746531, 0.23873661, -0.09104006, -0.04381414, -0.14430574, 0.032044698, -0.040621635, -0.14801718, -0.05746549, -0.046133246, 0.33683446, 0.08617417, 0.052207146, -0.082611166, -0.094786, -0.42575303, 0.069200724]
Q6_2 [-0.08478868, 0.123938076, 0.03337487, 0.12149684, -0.33088, 0.19161306, 0.3697095, -0.46111202, -0.27924538, -0.063388385, 0.37445256, 0.18072419, -0.36258188, 0.10416116, -0.096848615, -0.082974926, 0.5229627, -0.17882815, 0.26577055, -0.10301513, 0.07335574, 0.43641427, -0.44757703, 0.14379597, 0.23712179, -0.12847765, -0.038145587, -0.18766536, 0.04119674, -0.04944329, -0.16567345, -0.05156931, -0.0048949583, 0.34459433, 0.09134114, 0.06651712, -0.09220081, -0.12295182, -0.43648624, 0.08458159]
Q3_6 [-0.08510048, 0.14258383, 0.06523096, 0.1922499, -0.3290299, 0.21291427, 0.42459768, -0.52266204, -0.3275353, -0.03368219, 0.3983292, 0.23681012, -0.38789296, 0.118669115, -0.09422468, -0.09793085, 0.5999258, -0.19356392, 0.30550793, -0.14378975, 0.09043081, 0.49104908, -0.48178574, 0.18728054, 0.263514, -0.10577134, -0.07189475, -0.15486377, 0.02941853, -0.019421184, -0.1708387, -0.056864556, -0.050636172, 0.3603473, 0.0963639, 0.06702724, -0.08954537, -0.08169991, -0.471911, 0.07543938]
Q1_2 [-0.093307845, 0.13339159, 0.03818614, 0.14083429, -0.32423282, 0.21249814, 0.37740165, -0.48126456, -0.28942907, -0.042106707, 0.39450845, 0.19232011, -0.39064366, 0.10546372, -0.083960846, -0.06697983, 0.5651178, -0.20296623, 0.2794935, -0.10749001, 0.08022027, 0.46494612, -0.4608333, 0.15287428, 0.2433127, -0.10658043, -0.053522203, -0.19360895, 0.042893283, -0.04669031, -0.1774553, -0.06374139, -0.024131164, 0.36241496, 0.1044579, 0.07362759, -0.09595187, -0.121908985, -0.47775733, 0.0810631]
Q2_5 [-0.07803927, 0.13619626, 0.03965176, 0.14939652, -0.34845278, 0.2163716, 0.37851945, -0.487186, -0.28341067, -0.037299898, 0.38861528, 0.20729159, -0.3732553, 0.12328483, -0.10237593, -0.09690169, 0.58047634, -0.17070636, 0.2841364, -0.110376716, 0.08700201, 0.4816567, -0.48542306, 0.14555125, 0.24239701, -0.13946578, -0.054920264, -0.18812627, 0.02628235, -0.03841308, -0.18986073, -0.046095435, -0.019944122, 0.3451484, 0.10938256, 0.07745065, -0.12081629, -0.11247582, -0.47597176, 0.06484412]
Q3_10 [-0.107202575, 0.15779062, 0.049571224, 0.19231024, -0.343491, 0.22475457, 0.44176123, -0.5568977, -0.34011567, -0.044893578, 0.43259445, 0.2515054, -0.40760753, 0.11573117, -0.08315047, -0.113991834, 0.65524566, -0.20633169, 0.30484414, -0.14987136, 0.10529024, 0.5110039, -0.5246619, 0.17869407, 0.28010467, -0.114453286, -0.08108348, -0.19049229, 0.043943916, -0.05014277, -0.186396, -0.06919561, -0.05048772, 0.39356536, 0.12966561, 0.07648963, -0.12614872, -0.11509389, -0.5063015, 0.07663198]
Q3_9 [-0.10017098, 0.13155207, 0.050999705, 0.1700205, -0.33109897, 0.21312465, 0.41138783, -0.48494154, -0.3163467, -0.041261654, 0.4037606, 0.20960324, -0.38510552, 0.10947891, -0.10399099, -0.085290484, 0.5905076, -0.18703221, 0.28300554, -0.11658285, 0.082766965, 0.4607212, -0.48021004, 0.17274931, 0.2538782, -0.12079239, -0.05816845, -0.16345689, 0.029507654, -0.032455638, -0.18351774, -0.060349006, -0.029795598, 0.36393887, 0.11231955, 0.050140716, -0.106102124, -0.094607025, -0.47416726, 0.069871984]
Q3_8 [-0.106343806, 0.150293, 0.060471572, 0.20185955, -0.34134388, 0.2166967, 0.45769778, -0.56095153, -0.34851572, -0.04723762, 0.43778026, 0.24196596, -0.41590923, 0.12608746, -0.104311965, -0.111489415, 0.6561319, -0.1995162, 0.31157738, -0.13757181, 0.10407335, 0.5266252, -0.50799835, 0.16789182, 0.2929102, -0.102584, -0.076160535, -0.18428285, 0.043247204, -0.041331016, -0.1971159, -0.049706187, -0.03666725, 0.38061354, 0.105317675, 0.062196653, -0.12204768, -0.103296705, -0.49826688, 0.09254888]
Q17_1 [-0.099626556, 0.13139093, 0.062840685, 0.15868604, -0.3498093, 0.21226184, 0.3970125, -0.501906, -0.2948164, -0.04323332, 0.40810204, 0.20734195, -0.39086398, 0.120235026, -0.087190956, -0.101109274, 0.59173155, -0.18985687, 0.28744444, -0.10778933, 0.06866648, 0.4812803, -0.49053234, 0.16279887, 0.2312141, -0.13200687, -0.04684322, -0.18383257, 0.030501857, -0.053330444, -0.17022483, -0.06260025, -0.025980476, 0.37483805, 0.0991006, 0.06275012, -0.12435107, -0.120592825, -0.4971723, 0.065211445]
Q17_3 [-0.10716085, 0.1179564, 0.0512572, 0.18546893, -0.30955908, 0.1906975, 0.40290084, -0.50253123, -0.31959972, -0.02316143, 0.4008009, 0.20941223, -0.3607745, 0.10922107, -0.097571485, -0.08145573, 0.5671385, -0.19340979, 0.28654286, -0.13113107, 0.09924606, 0.46590173, -0.4523356, 0.18436159, 0.25456685, -0.10119763, -0.068716295, -0.1354362, 0.025313567, -0.019631086, -0.17692228, -0.048502278, -0.024237739, 0.35362664, 0.10587431, 0.044651717, -0.082882844, -0.080726944, -0.4449349, 0.06968738]
Q1_1 [-0.09449785, 0.12723228, 0.03689079, 0.15349087, -0.32368094, 0.18131866, 0.35687986, -0.45600834, -0.29848227, -0.035709932, 0.3611796, 0.19587792, -0.368167, 0.09935817, -0.08987135, -0.080694005, 0.55002135, -0.1734165, 0.27441558, -0.1079041, 0.075273976, 0.4258603, -0.43982255, 0.15867843, 0.2338511, -0.120317906, -0.050775997, -0.17615451, 0.037619982, -0.043869868, -0.17294252, -0.039146505, -0.032794703, 0.34524727, 0.09405824, 0.06878587, -0.08209256, -0.09048228, -0.44564745, 0.061652325]
Q1_3 [-0.07792735, 0.11605138, 0.04948694, 0.14131221, -0.2981869, 0.19841588, 0.34917077, -0.45928133, -0.26946336, -0.055108827, 0.36826158, 0.18792702, -0.3397848, 0.105847806, -0.084236026, -0.085867174, 0.51411486, -0.17609225, 0.24882677, -0.106062, 0.078270406, 0.44109038, -0.4391036, 0.15304981, 0.22387442, -0.11512704, -0.045373607, -0.16277699, 0.034191944, -0.0499231, -0.16382876, -0.055766605, -0.03477859, 0.33642092, 0.09970699, 0.049086023, -0.104527704, -0.10752056, -0.43062952, 0.075350605]
Q4_2 [-0.07231352, 0.10799622, 0.032759372, 0.11739011, -0.2922793, 0.19502363, 0.34207812, -0.45374674, -0.28316537, -0.056595106, 0.36836076, 0.17267072, -0.34328106, 0.09291697, -0.07486679, -0.064977035, 0.5084631, -0.18509713, 0.24653567, -0.12297833, 0.05453622, 0.43217176, -0.42302278, 0.13413602, 0.20031524, -0.09610876, -0.04784577, -0.15965715, 0.02159538, -0.048876878, -0.16557609, -0.03402054, -0.012743158, 0.3204925, 0.099750966, 0.06176517, -0.108895674, -0.0938611, -0.42487678, 0.075191066]
Q7_2 [-0.105575904, 0.15661779, 0.0434931, 0.17212307, -0.36984, 0.22130528, 0.4389776, -0.52896196, -0.3193347, -0.041533813, 0.43489924, 0.21543352, -0.42514223, 0.11851133, -0.09931197, -0.09714694, 0.637128, -0.2149881, 0.3060238, -0.11650042, 0.093062796, 0.50873506, -0.5158123, 0.1784899, 0.2726497, -0.13059641, -0.06456325, -0.20082597, 0.034557994, -0.049667675, -0.19948305, -0.045675755, -0.048577823, 0.3897257, 0.11853724, 0.08112331, -0.112976484, -0.1214999, -0.50442475, 0.07509408]
Q1_4 [-0.08108229, 0.13894826, 0.037856225, 0.15671398, -0.31436995, 0.19046524, 0.37705994, -0.4725226, -0.29725048, -0.033498522, 0.3895242, 0.20275514, -0.36261314, 0.10616361, -0.09293385, -0.0823626, 0.5658309, -0.19108413, 0.28346014, -0.105770096, 0.06429236, 0.44968563, -0.4496534, 0.16921623, 0.2518286, -0.10615161, -0.061081253, -0.18501623, 0.043559246, -0.041123595, -0.1627853, -0.059796073, -0.03639552, 0.341267, 0.10643625, 0.049872242, -0.09235159, -0.105717264, -0.44389665, 0.07578666]
Q3_11 [-0.09474019, 0.12066189, 0.05775073, 0.1737774, -0.35442856, 0.20505624, 0.40404472, -0.5236014, -0.30717227, -0.029277429, 0.411962, 0.23212427, -0.397922, 0.10372675, -0.10816498, -0.102808684, 0.60273623, -0.17957482, 0.2925563, -0.13313003, 0.08292081, 0.48015368, -0.4740602, 0.17047642, 0.26743847, -0.114724666, -0.07604688, -0.17529431, 0.023053044, -0.029329035, -0.19244078, -0.06818799, -0.031543963, 0.36950406, 0.1082085, 0.068425424, -0.114909045, -0.10991244, -0.48223543, 0.079177156]
Q5_4 [-0.08040898, 0.13362093, 0.0506337, 0.17619668, -0.32738757, 0.20684285, 0.4183565, -0.5180966, -0.31815726, -0.036897168, 0.40950176, 0.20604123, -0.39058352, 0.11285454, -0.082576945, -0.087121, 0.5972785, -0.20256804, 0.296551, -0.13357936, 0.074931, 0.4944336, -0.4705156, 0.16840138, 0.25525916, -0.112215005, -0.057443306, -0.1698425, 0.034785897, -0.04960176, -0.17180279, -0.055363216, -0.03839229, 0.3725508, 0.12019291, 0.077907346, -0.117485814, -0.10246921, -0.48855138, 0.068406455]
Q5_1 [-0.0751552, 0.11870763, 0.046026554, 0.1295167, -0.29791588, 0.18859313, 0.35063592, -0.42240897, -0.25877446, -0.051231135, 0.3520761, 0.17338705, -0.3498906, 0.10991068, -0.08874098, -0.08339603, 0.50721514, -0.16304904, 0.2512067, -0.11751007, 0.06769765, 0.40515426, -0.42308426, 0.12298641, 0.19544826, -0.10181887, -0.049914584, -0.16348246, 0.031609524, -0.030244188, -0.14012182, -0.039838694, -0.010475462, 0.31264466, 0.08118233, 0.042528786, -0.10479657, -0.081909694, -0.42098603, 0.05649951]
Q4_1 [-0.058050387, 0.074352264, 0.026102869, 0.07102525, -0.19638425, 0.10597245, 0.23217073, -0.2994778, -0.18298945, -0.022659125, 0.23824431, 0.10646102, -0.23728459, 0.07014958, -0.068867385, -0.057731267, 0.3358009, -0.10920666, 0.15982322, -0.07221103, 0.053371735, 0.2650868, -0.27203107, 0.080143794, 0.1463901, -0.059593655, -0.042163, -0.11560299, 0.02694211, -0.019213622, -0.09840475, -0.020533388, -0.01524812, 0.22153649, 0.053131007, 0.031827826, -0.07104387, -0.06688785, -0.27793345, 0.052936766]
Q3_12 [-0.03009866, 0.057189483, 0.015477325, 0.07464003, -0.1696933, 0.08600791, 0.18994921, -0.23200978, -0.143372, -0.019207038, 0.19092946, 0.09898671, -0.1742587, 0.047295187, -0.03556717, -0.03986638, 0.27737215, -0.08767666, 0.14089628, -0.05123237, 0.036760982, 0.22787772, -0.22375983, 0.084270366, 0.11532644, -0.06540574, -0.030302221, -0.0980917, 0.021663856, -0.017489959, -0.07133578, -0.031208618, -0.0060768174, 0.17902821, 0.05279951, 0.03971518, -0.058110554, -0.046851657, -0.22643173, 0.03651538]
